 -4.6605036586178061e-001 -9.3273298363879986e-001 -2.8750049522576415e-001  5.4868620340860819e-001 -1.1596255051222526e-001  1.7617814270680499e-001  7.8574714200678186e-001 -2.6158548081069677e-001 -7.8134807549336577e-002  6.7068614539234306e-001
  4.3184827118503466e-002  5.1839667485869623e-001 -3.7485789525484403e-001 -5.3507023460824998e-001 -4.5251656267436224e-001  4.0636183788202496e-002  2.3426663004784296e-001  4.7235664647722952e-001 -7.3803779694282101e-001  7.2705649839778796e-001
  9.1281394518130568e-002 -2.4104315581220925e-001 -5.7590095364686893e-002  6.8959162093120507e-001 -8.8144466837618907e-001 -1.1982543162534960e-001  5.2493155808604607e-002  4.2220889927410654e-001 -5.0830415354339936e-002 -2.0083581090441407e-001
 -5.0065102423192509e-001  2.5503715805592425e-001  3.4196452998226368e-001  9.6392884720444605e-001  3.2167928285153335e-001  5.0508998077764233e-001 -4.1060318890693481e-001  4.9162486582649506e-001  6.7301746431515097e-003  5.0954331975619171e-001
 -8.1901713459380698e-001  7.2226628427331008e-001  2.5151594311934630e-002 -1.3830315886838454e-001  9.6529270402689882e-002 -4.0160579833930321e-001  9.9761392557718387e-001 -2.4949883115280705e-001 -6.8210652601334520e-002 -5.2801835756250948e-001
  1.0756226451531736e-002 -5.5937235962734359e-002  1.4604461219495313e-001  6.6993039841913871e-001  1.7179882448243106e-001 -1.0008389762872434e+000 -1.6776824331148588e-001 -3.9288179056755285e-001 -4.9774801511913302e-001  4.0765803848007248e-001
  7.4491591163947646e-001 -2.0565946813467342e-001  8.2430232060983516e-002  3.3317454798369961e-001  5.3399053400823582e-001 -4.6871645951386559e-001  6.5125551859136421e-001  8.0306874992897193e-001  3.1321226754828241e-001  2.0154028051140696e-001
 -2.3092524037239281e-001 -1.0850263211931353e-001 -1.0988741274048319e+000  2.6126509773343791e-002  2.1586427714660583e-001 -4.7341723626764654e-001 -3.4358611485029611e-001  1.4024838302099130e-001  3.7835892604740867e-001  3.5042532531545945e-001
  4.3296481126531572e-001  7.7409767963782872e-001 -2.5416160685651355e-002  1.2369736637628995e-001 -4.8670365209184657e-001 -1.1477176526871864e-001 -5.4846548540451012e-002 -6.6591978287611131e-001  5.0745912962583684e-001  3.6312494109074295e-001
 -5.5924303909349127e-001 -2.5516327522263960e-001  5.1045561460740085e-001 -2.7159294108562981e-001 -6.6270909909572329e-001 -6.5598248134507042e-001 -1.9614707346338289e-001  4.0849727601198710e-001  8.4294059439400892e-001  3.9618779693190159e-001
  3.6494256103449829e-001  3.0019871125063602e-001 -2.4201888625936779e-001 -4.3711192327044146e-001 -3.2305487225473539e-001  3.2113585630849850e-001 -5.5795069085534399e-001  2.5724007545879746e-001 -9.1274825764538059e-001  9.2445674485507645e-001
 -4.1140238808236779e-002  2.6059776689639297e-001  4.0788630500221751e-001 -3.6507022350204776e-001 -7.2131650629291855e-001 -1.3020351765213976e+000 -7.2517141595473358e-002 -1.4688555313722002e-001  4.1851857495807054e-002 -5.0551185790055841e-001
  5.7665414331411380e-001 -5.9175932787681584e-003  5.3451236332867946e-001 -8.3731721239501544e-001  2.9952229123420182e-001  3.5051107518188247e-002  6.3922534190842673e-001  9.2091493718304152e-001 -3.1481505996721521e-001 -3.8232300838975575e-001
 -4.6397518837700774e-001 -3.7578755758045523e-001 -1.3806474727984341e-001 -5.1302465870576552e-001 -6.6624684834054393e-001  2.7411540274311669e-001  5.4867988315646909e-001  2.1909502971009434e-001  3.6434932737861414e-002  6.1781482751059735e-001
 -3.9688238322387848e-001 -1.1388591639518042e+000 -5.9640391298446706e-002 -5.3084175289065394e-001  2.5553644215717808e-001  5.0559779702880100e-002 -7.4751567275492181e-001 -4.0190831698744889e-001  9.4707758849067319e-002 -1.9421032330849808e-001
 -5.2050033358149972e-001  1.1433140097211882e-001  7.9518030235951132e-001  4.2217700882200337e-001  5.7109680519354222e-002  4.0656481661338326e-002 -6.2856647917985076e-001  7.6725463873939437e-001  2.0210335097404858e-001 -2.7408629709647403e-001
 -2.4397480573821659e-001 -2.0113701764330025e-001 -8.0891163103902861e-002  4.3693587705295289e-001  5.7452538386479191e-001 -8.3484082128410719e-001  7.6658172394313689e-002  5.3688504356059585e-001 -4.2085198746314711e-001  7.3009993809464346e-001
 -6.2926773829173388e-002  3.1825659206456813e-001 -1.1130080224171057e+000 -6.1919222969599230e-001  3.8254339407649607e-001  2.5487027184336028e-002 -4.0404496409468227e-001  4.5040305145810511e-001  7.0279674959484106e-001 -1.7329186271802588e-001
 -5.5245342472175674e-001  1.7115891892532237e-001 -6.0410187974668039e-001  2.8720670739119714e-002 -1.0516148203094819e-001  1.4062146416686155e-002  1.0830413855215568e-001  2.4035024408493516e-001 -1.1875418770121924e+000 -6.2655116363032270e-001
  5.8599629483549986e-001 -4.8305384675508423e-001 -3.3900952802296991e-001  6.2168088162447088e-001 -2.6577173296353285e-001 -3.0401843536788181e-001  2.6030979637007695e-001  5.4331268859866322e-001  9.8616224942653707e-002 -1.7646620322359646e-001
 -5.5667525239571902e-001  5.4014893909078920e-001  4.1070546222568532e-001 -3.0243149160792504e-001  5.1169839839900322e-001 -7.6363851799363180e-001  6.2998238567671094e-001  1.9399684594230519e-002  3.4055997745767669e-001 -1.8176742494304424e-001
  6.3235712210558917e-002  4.8164161732423522e-002  3.5263973879291499e-001 -2.6595682653799901e-001 -1.0823337688778916e+000 -1.5837908220975400e-001  7.4597500212949508e-001 -1.3806948172433836e-001  6.0904156381326935e-001 -1.7015515559419409e-001
 -3.5258543073656867e-001 -5.9825568057004208e-001  1.3306425544016653e-001 -2.3594610421559103e-001 -3.3771576934994030e-001  2.0137335501365294e-001 -5.2572603362497528e-001 -1.2446866288288703e+000  5.1306394814000500e-001  2.2045344281059076e-001
 -6.1458131561871010e-001 -5.7931170696103529e-001 -9.8902483403974117e-002  1.3960757157147397e-001 -2.1445438388151433e-001 -5.9621745707434948e-001  3.2430006245954451e-001 -2.4074236026487283e-001 -8.0284673704927123e-001  6.7771785948105157e-001
 -2.1371274926551415e-001  5.1701860819711198e-001  8.9971434612032486e-001  4.6449072420612603e-001 -2.0683890228607021e-001  1.0006185820015916e-001 -7.0153842799040556e-001  2.7340260561511831e-001 -1.5244767543987336e-001  4.0194533840331448e-001
  2.4365420444404895e-001  7.5692047603160825e-002  8.6421859241461252e-001 -8.5522022915812501e-001  7.3251489690338095e-002  1.0449612810935305e+000  5.6730223326946094e-001 -1.0654654325344751e-001 -3.9831696327093102e-001  2.2633895367119256e-001
  1.3002620198665942e+000 -3.7856355495594386e-002  5.6406506993156114e-001  4.1724266806247945e-001  6.4576080433256355e-001 -6.0304212387047251e-001  1.6468365402443202e-001 -5.5578042537411998e-001  5.2601944563021391e-002 -1.3038528811209526e-002
  1.7101694449520610e-001  1.0039548943409995e+000 -6.3168356033707029e-001  1.9665673850894980e-001  1.4961304016429100e-001  2.9946814090376528e-001  1.9471860121674620e-001 -9.0517444165260397e-001  4.3968792569880832e-001  2.9287482329131515e-001
 -7.2628677814479947e-001 -3.5477435685676595e-001 -8.3265164951644044e-002  9.8047175054514402e-001  5.6000113337603197e-001  5.3078543125878141e-001  6.1616744679507396e-001 -2.3994599138104211e-001  8.8580558733374004e-002 -1.1498957125942397e-001
 -4.7516578952903193e-001  5.5582596904244364e-001  2.0626338167989880e-001  1.1828907082380805e-001 -1.3437197574872717e-001 -1.0609961816764693e-001 -1.5852377141308766e-001 -7.9297478262807752e-001 -4.7525587306112960e-001 -7.5882927945698375e-001
  1.1620208325924819e-001  4.3364081016249917e-002 -4.9474550739225770e-002 -7.7150998198874365e-001  6.0416544743958167e-001  4.3926329352678112e-001  1.2832615262653130e-001  2.1845202770193564e-001 -5.1101080441179614e-001  3.9729228031692237e-002
  5.3650059712867615e-001  5.1365658266510117e-001  8.8147502047432624e-001 -2.3437291156690634e-001 -5.1192316844821673e-001  5.3675594566323405e-002 -3.4408498508150331e-001  1.8259512295971048e-001  7.4756093875747487e-001  5.9571860730018111e-001
 -1.8767306257313313e-001 -2.6090962154577568e-001  2.8168450492612684e-001 -2.4185929944088760e-001 -9.1274255193067769e-002 -1.2002002702125311e-001  8.5518037075379716e-001 -1.5012627975056189e-001  1.7016158709959200e-001  2.0774271910102468e-001
 -1.1548261387375003e-001  2.8664038663089275e-001 -3.3110452250013034e-001 -5.5948826681386443e-001 -9.5807172948593877e-001  3.9193243585133963e-001  8.3587637272619572e-002 -6.0618457452688301e-001 -1.8274442541769964e-002 -2.2355347023946670e-001
  7.7273151768953063e-001  5.8080652995036598e-002 -6.8377192166069981e-002 -2.1169569560633936e-001  8.6934545413009448e-002 -5.1287253007140732e-001  2.4670164056919486e-001  2.9818171234173424e-001  3.2972643987291184e-001 -9.6889226549002849e-001
 -3.5345196220264813e-001 -1.0349970432421829e+000  2.6280390382669611e-001 -1.2252468874311874e-001 -4.4275860272842155e-001  2.3442718003814580e-001 -1.9761961002101863e-001  6.8965470590153066e-001  3.5082546272540788e-002 -1.6174281576813215e-001
  6.9357825715153032e-001 -6.4332476477280065e-001 -2.4060216004851109e-001 -6.0082362228527531e-001 -1.2123835078872691e-001 -4.1076031285401415e-001 -3.4448181081102636e-001 -4.1274472353375624e-001  3.3286416203073216e-001  6.5722004626288666e-001
 -4.6159218244496802e-001 -5.7149941586003374e-002  6.5313068683593345e-001 -1.0494406899217548e-001  9.3369203240884624e-001 -1.0271289957677311e-001 -5.4995611373545272e-001 -5.2447450787677918e-001  7.1123919437015060e-001 -1.5765282420735188e-001
 -6.3034255054735233e-001  5.8312108317973033e-001 -2.1499779173263173e-001 -5.4770414735271322e-001 -2.1486931731351019e-001 -7.4794882480035418e-001 -1.1824090389009689e-001  8.8045388710123318e-001 -2.2475525582565126e-001  4.7711471825192808e-002
 -2.8945579500689333e-001  2.2541535842307700e-001 -1.0658380713982405e+000 -1.5178051229011311e-001  7.3427863019191492e-002  3.8594761943300260e-001  1.1382640756472698e-001  4.3015951679067821e-001  5.3880684621282593e-001  5.2678333950993750e-001
  1.3236182472210031e-001 -6.1508336164493604e-001  3.2930471405054546e-001 -6.8931279655293753e-001 -7.8797482505603633e-001 -4.3059984585757183e-001  5.9842593591456794e-001  2.8626620118702251e-002  3.6169343154465838e-001  2.2062053660128092e-001
 -5.1953088497618816e-001 -9.5388564169948425e-002  1.9763296616852874e-002 -7.4007548366612252e-001  4.7326487712348630e-001  2.7539856854622496e-001 -3.3865426306474045e-001 -7.2797498576478648e-001 -3.0397160083290198e-001 -1.4932315248753236e-001
  3.6859712353423091e-001 -2.4673189157334555e-001 -1.5904112578669211e-001  1.1655309686744986e-001  4.0737324108571360e-001 -3.1932455525889430e-001  5.9584965161950409e-001 -3.4588108304143811e-001  7.5525013293470233e-001 -3.5181453957699121e-001
  1.1322714132973994e+000  3.0849131296190674e-001 -2.3178265133776305e-001 -5.5073068106919965e-001  1.1861382813587470e-001  5.3155681237443542e-001 -1.4303414825071725e-001  4.1432668436734987e-001  3.9757147823300953e-001  1.8459256032838053e-001
  7.0002063157763583e-002  6.8064774228116354e-001  9.3181431349393051e-002 -4.4852006182588944e-001  3.5500200428409609e-002 -7.5002413033023174e-001 -1.5461879571532547e-001  1.6200085476754386e-001 -2.9255156887028710e-001 -3.2088796120969165e-001
  2.0500838408292499e-001 -3.2709549285313022e-001 -2.8189645703138416e-001 -2.9760552310040833e-001  8.3904851778171952e-001 -3.0821998752321979e-002  9.8813138051628469e-001  7.5036286593469292e-001 -4.1486718880777396e-001 -2.7840684339083183e-001
  5.3762325667974475e-001 -5.8431161982653801e-001 -4.6644493900029360e-001  8.3801113011295114e-001  2.5259789035380165e-001 -6.6382346955588389e-001 -4.3266626831169475e-001 -2.2185831312957163e-001 -1.8507135688337698e-001  7.6312391570011040e-001
  8.1648653204914351e-002  3.3287287827188150e-001 -1.2723044291875116e-001  1.0341536712667648e-001 -4.2683430214540752e-001  1.8402543003205041e-003  7.1213188418159612e-001 -4.7127899711461319e-001 -8.6272626594951396e-001 -1.8858474743274334e-001
  5.1317304423016324e-002 -8.9066988269567815e-001  1.6219622415402629e-001  3.0316835219003621e-002 -1.8559123109262984e-001  2.3179228424734377e-001 -1.9471755677584535e-001  6.5994648707656769e-002 -2.5784479132737925e-001 -1.1012490235098968e+000
  2.8686009123250605e-001  1.5037938197612344e-001  1.1733893086911771e+000  2.6575996080285180e-001  1.0104937898337810e-001  5.8317292659930450e-002  1.7629677529045046e-001 -4.8790543039833267e-002 -7.5071436107710610e-001 -3.7691298858456651e-002
 -6.1083416210982155e-001  8.3744467637668218e-001 -2.7999461357171013e-001  3.1070382338862046e-001 -1.6971894166539073e-001 -2.6901708510590144e-001 -1.6718342836127796e-002  3.8570139931280320e-002  4.0569655003250610e-001  1.3506473670622032e-001
  4.5655569500789001e-002 -1.1185218780504862e-001  3.6332808542379696e-001 -2.8451889642019479e-001  1.1910740787114618e+000 -5.2999945492209388e-001 -5.8322641113140050e-001  2.5065972384580831e-002  3.8065418921869826e-001  7.2363673665698736e-002
 -2.5268927449524153e-001  5.7166150146662154e-002  1.1816535522386443e-001  3.7026900580860961e-001 -4.2529682132995122e-001 -4.8701585610961062e-001  2.3094651559274140e-001 -7.0626380682645462e-001 -3.5064114576196115e-001 -8.1717349792567595e-001
 -5.2636649565708316e-001 -5.0675821487565231e-001  3.4989315895036671e-001  7.2260296889509179e-001  3.2332737600877987e-001  4.7868271903060700e-002 -6.9298348758704420e-001  4.7942068029310270e-001 -2.8987982612511032e-001 -5.6669239322823672e-001
  3.2070356797971172e-001  4.4266576794376450e-001 -8.8978694778612355e-001 -1.6423828389643150e-001  3.0825829444669417e-001 -2.2333988453978806e-001 -5.6929697572502221e-002 -2.4069619926022683e-002 -7.8863110927815561e-001  7.0333658334763338e-001
  1.4033530255730703e-001  4.8235457475232485e-001  7.1545409400805027e-001  3.4306813399429231e-001 -2.6421881436826405e-001 -2.2141361037636309e-001 -1.1639831484704097e-001 -7.8293889312115117e-002 -4.4371662706030363e-001  5.3740707463157378e-001
  9.0314419113355238e-001  4.6276469579029816e-001 -9.1930289724216269e-002  5.7491366394444958e-002 -2.4778228189986912e-001 -3.7003725956923289e-001  3.6949811618863071e-002  9.1482519201419410e-001  8.5156463364874946e-001 -6.5723082820958711e-001
 -1.9902960760942062e-001  3.4623527945052535e-001 -8.0154974875789209e-002 -8.0609574399938544e-001 -2.6797594878826314e-001  5.8757305887701859e-002 -7.5604192828183203e-001  8.4837178212067654e-002  3.1141514094605798e-002 -5.2049002148661194e-001
  8.3397701417260584e-001  4.8265350208883767e-001 -1.6459707279187587e-002  8.7547095316373835e-001  5.2581938766748659e-001  9.6111294838297812e-001 -8.2409406910490063e-002 -2.4450937537577927e-001  1.4619991095085383e-001 -2.3259015978081529e-001
 -4.4771761943366711e-002  3.1265218345629797e-001  1.9027659960378801e-001 -4.0665728196885581e-001  5.6963056912144738e-001  1.7576472457047054e-001  6.4958821085494156e-001  4.0357365787313348e-001 -3.3149282249881928e-001 -4.8201952270594817e-002
 -9.7909554389504694e-001  4.8056496130199444e-001  2.9298572197522454e-001 -3.3867592042210112e-002 -1.3115876174113372e-001  7.2279697353438377e-001 -2.7266511151267009e-001  2.9886604980283504e-001  5.3293163863061460e-002 -2.4920151201694429e-001
 -2.8774188310884324e-001 -8.4428674854462080e-002 -2.2131707941685730e-001  1.5176978952324005e-002 -4.3485608508532414e-001  2.1239437019614871e-001  7.6503106138048305e-001 -4.9225561188162142e-001  7.3389002500271383e-001  1.1693963912019614e-001
 -3.0343058018947233e-001 -9.7203098357661810e-001 -1.6116698897561535e-001 -5.7652293498180004e-002 -2.4063391663761924e-001  3.7076002518839118e-001  2.7176521103881537e-002 -7.7484909866930046e-002 -3.9408298376377043e-001 -1.3317683500259958e-001
 -2.8254126138495483e-001 -3.1153899732812756e-001 -7.1607401782752200e-001 -5.5933039331264522e-001  2.9220001299625220e-001  6.2737850709026544e-001 -2.7666210092568910e-001  2.8329430777351677e-001  6.7891463622945636e-001 -1.4862716832841760e-001
 -3.0778722113445883e-001 -2.3397718141574811e-001 -2.5208183922087662e-001  9.3865150253026786e-001  6.6254752450732468e-001 -2.7812183964271148e-001 -2.1878748776155993e-001 -6.1433700031593708e-001  5.9066108046640253e-001 -4.9981868378399928e-002
 -2.7665230264861707e-001 -1.1846542291452339e-001 -3.7891892943255184e-001  3.5963915561803206e-001 -6.3920265456293501e-001 -6.2712421735001700e-001 -2.9169374351906041e-001  4.1271475076787134e-001  2.3122621405342725e-001  1.6436761853170881e-001
  2.3561469510151375e-001 -6.2076011541034953e-002 -4.3092757281742805e-001  3.3129601505969203e-001 -1.1547995647981099e-001  2.0663714032875657e-001  4.6267020436034678e-001  4.1107282244189491e-001  2.2497924282506343e-001 -1.0003039079207869e+000
 -5.5310294494363343e-001 -3.4147956667908419e-001  5.8922391188451184e-001 -5.8020536850300919e-001 -1.1371642044469596e-002 -2.4458557355996230e-001 -9.2311760074279658e-002 -5.7556610740093696e-002  5.4837845521972739e-001 -8.6307897742313089e-001
 -6.8362013662037668e-001 -1.7995461478210889e-001 -2.1413678636681890e-001  6.0271353185497159e-002  7.5722508499197905e-001 -2.9849486612096321e-001  7.2246020112057430e-001  4.2251599365611786e-001  1.0292722507646859e-001  2.5673650513570695e-001
  2.7729735198696326e-001 -6.0985223838485958e-001  5.2350211760350385e-001  4.3972402646819164e-001 -1.6355628377814893e-001  4.5831596012617948e-001  1.0446092595619230e-001  4.4192624084345616e-001  6.8053336422203059e-001  8.8179726996397020e-002
 -1.5854447291690374e-001 -4.7187899084493296e-001  3.2033732305481494e-001 -9.5511017919231427e-003 -4.4935057743593787e-001  2.8632768362711333e-002  4.7004740825836877e-001  2.4915020704131952e-001 -4.9669253229951854e-001 -9.1114239625657201e-001
 -5.8505933628748463e-001 -4.4943400426821700e-001  2.1173450805323710e-001 -2.9623764288515603e-001 -7.7353195455107138e-001  1.4495631017479590e-001  4.1297715765130893e-001 -1.4749841821185156e-001 -9.4556120813798078e-002  7.6305895679078406e-001
 -3.2369950034269057e-001  1.4029206786847001e-001 -1.5805980501438716e-001 -1.0287608135590212e+000  2.9217776698078046e-001  8.3507193704247640e-002 -8.7273400738186435e-001 -3.0652668860372614e-003  4.1076603523461652e-003 -2.0783261742442533e-001
  2.9621825791875811e-001  2.7735600759277675e-002 -5.6287042164402123e-001 -1.8579570015584185e-001 -7.5586154942399253e-001  4.6256582100507532e-001  7.1977633831560306e-001 -3.5627265970686556e-001  3.8584627680383771e-001 -2.5782235281179133e-001
 -5.9288052025521332e-001  7.6592758761856905e-001 -4.0071714671539405e-001  4.7775723111523655e-001 -6.3629615413453344e-001 -6.8771879732996377e-001 -3.1103297663160501e-001  8.8350964256069753e-002 -3.2843758184967015e-001 -3.9637215217789412e-001
  9.8156986133078283e-001 -2.5384775912483909e-001 -2.9287312452857683e-001 -1.2936982547710699e-001 -1.5309454704193171e-001 -9.0982968610720771e-001 -3.4281359211903950e-002  4.2081235738840213e-002 -4.6505993820221736e-001  2.8501433649417490e-001
 -2.6515807153302423e-001 -3.8799463114234101e-001 -2.5372534580278161e-002  2.0207341453412694e-001 -2.3769043773695192e-001 -8.1567724864201396e-001 -1.5242512989324658e-001 -2.2419127176906797e-001  6.9398738651937819e-001 -5.3669046313728341e-001
 -1.8240903415892681e-001  6.8119922040121372e-001  9.2150746285071305e-001 -2.2074958021977584e-001  1.5969109427448874e-001  2.4280845378329791e-001  5.5217363961419519e-003 -7.6535015187519650e-001  1.6064981025384673e-002  4.9551587639176109e-002
  5.7479341627618463e-001 -2.5800062572124199e-001  2.1007064695096475e-001  3.2764630025205432e-001 -3.6850267502354911e-001  7.0186282285066237e-001 -7.4161751855058755e-001 -1.3219959211037019e-001  1.9591940577961031e-001  3.7007289682642797e-001
  7.3570737358094507e-001  1.2587015377949054e-001  3.7720364595666850e-001 -2.4571924093484040e-001 -2.1415798692063109e-001 -2.1273779864692666e-001 -1.4629550634654327e-003  7.9497709843657149e-001  5.4231391759537650e-001  3.5102310916821045e-001
 -6.1287329658789758e-001  7.2144791123249996e-001  3.1783571530936416e-001  7.7653254833417243e-002  9.4192909194089491e-001 -5.8894672228783107e-001  2.9011985367395247e-002  1.4025323786174662e-001  2.6714527276526889e-001 -2.3960776214952156e-001
 -1.5375612531862004e-001 -5.9854041707620909e-001  9.3556879255917591e-001 -5.0365507469670023e-001  1.5430245910385529e-001 -1.3181297058691405e-001 -1.2317743406420781e-001  5.6340171846960829e-001  1.2676071824973484e-001  7.8181066906293450e-002
  5.4352198101453719e-001  4.9256103537308549e-001  3.1488672562475728e-001 -7.8226293921636625e-001  3.6883953686239568e-001  6.1255180775576590e-001  6.5113713484079760e-001 -1.0867331449684420e-001 -1.0941787477728998e-001  6.7392504287512173e-002
 -1.0180235826155103e-001 -1.5259742009653371e-001 -7.6538821207972940e-001 -7.2342475822016306e-002  2.2494150309320549e-001 -1.5428684099149237e-001 -4.8225799751787918e-001  6.1316641750537704e-001 -2.9330390548939916e-001 -1.0991561900598525e+000
  5.2734810449461667e-001 -6.9662242443771005e-002  4.8301344927390322e-001  7.0384721356430491e-001  3.7913865278611908e-001  5.2937653897122794e-001 -2.9956669797855129e-001  2.9063246242556801e-001 -2.3889027468694779e-001 -5.4325553901043222e-001
  2.0955346008455220e-001 -3.3250388871025860e-001 -1.3335633717796050e-001 -2.6896102665883859e-001 -1.5172889103579362e-001  6.2937071426688751e-002 -9.8132210296090006e-001 -8.6575001151821374e-001  1.4526958081509118e-002 -2.5350234875495004e-001
  3.2395570679590324e-001 -1.4789148671148294e-001  9.2567496813068750e-001 -9.8376459579068182e-002 -2.1651857630816071e-001 -9.0237406879762427e-001  1.4433545893804164e-001  2.5798482819529289e-003 -5.2884282616733891e-001 -3.1284028333706732e-001
 -5.1301468065899647e-001  5.3582402035566312e-001  1.9120451274613864e-001 -1.7819532339235261e-001 -6.3477246998764825e-001  6.0854009015130128e-001  3.7626743428845072e-001 -1.2432398986931777e-001  4.6974785667110674e-001 -5.4853815846034726e-001
  4.0422004690826763e-001 -2.7327958495281190e-001 -1.6556265378438215e-001  1.8854657020140497e-001 -1.4167513833567763e-001 -3.4259906746431845e-001  4.3083359879938776e-001 -2.4401778329833418e-001  1.1413183952016581e+000 -1.0676051698032551e-001
 -2.8094613200068763e-001 -3.7887016680744812e-001  2.3534749150331458e-001 -4.0516027932070264e-002  5.6281737287137745e-001  5.8609115866118899e-001  7.0725115842431874e-001 -4.2926727115638874e-001 -3.3618590661237541e-001 -3.4706463312460756e-001
  6.4578674277371917e-001 -4.0733042351920046e-003  9.8020678105984627e-001 -6.5574870094617999e-001 -1.6010647990701182e-001  3.0194594700041349e-004 -2.5920271562182146e-001  7.6666779279726593e-002  3.8198509484651821e-001  1.3836920943547845e-001
  2.5085102386818617e-002 -2.3353479501553046e-001  3.6285952380452652e-001 -2.6451760462497420e-001 -4.5280221049163222e-001 -1.3830288960440371e-001 -9.5717618555333428e-001 -8.1667288493170231e-001 -5.4774207535363084e-001 -3.9305576182209812e-002
  2.6661969217042791e-001 -3.4573138179497287e-001 -2.3496820721844694e-001 -2.2110170349329991e-001  7.9172012847743289e-001 -5.1732098391953835e-002 -1.4926678829598494e-001 -4.4936717221690697e-001  6.3380983373287814e-001 -4.3311869609139719e-001
  5.4090384994152085e-001  3.8678413945612217e-001  3.8831393957222760e-001  6.0911102929993211e-001  2.1549637083940670e-001  7.5137347465984627e-001  6.1031351498728612e-002 -2.3578195693811305e-001  4.1648119443795978e-001  5.3573176148508495e-001
 -2.1634474342479876e-001 -4.4602704590187608e-001 -1.7910815629657578e-001 -6.1986879483293766e-001  1.0782657169115917e-002  4.4873612607480490e-001 -1.8895176318708737e-001 -2.2737921775013420e-001  7.7032356059848386e-002  7.9409701363860041e-001
 -1.1159995565871436e-001  3.7263697702562670e-001  5.5329813889411339e-001 -7.4224199235030791e-002  5.8041561859613255e-001  2.6534188092198274e-001  4.9999667678601994e-001 -4.8960175686517643e-002 -1.0927936063860177e+000  3.6434173073057269e-001
  4.7172817472842687e-001 -4.1934632222427382e-001  1.5953333354412291e-002  1.6936725798139879e-001 -9.6362210781045510e-002  8.1121240336751521e-001  2.2029855217583427e-001  5.8360158208104940e-001 -8.0128623987778180e-001 -4.6673243143191140e-001
  8.2303906834190643e-001  3.0915027648820932e-002 -6.7769885782215777e-001 -1.2168994107606643e-001  3.9290897039445161e-001 -3.1996189774810474e-001 -7.2377723046742781e-002 -8.3659536000359538e-002 -4.4597226396836770e-001  7.4306460774480421e-001
 -5.8960884754380538e-001  2.7631011003335532e-001  2.5181518614438519e-001  1.8992232466835265e-001  3.4309995790496034e-001  2.7236413121583418e-002 -1.0143723378486555e+000  6.2727858034072137e-001 -5.2821219206933234e-001 -1.1862286100167596e-001
  3.6484228724212414e-001  9.6675777184199840e-001 -2.2309675383105765e-001 -4.7781414523839216e-001 -2.9818723200005320e-001  6.6234520183613810e-001  3.7064134159044265e-001 -1.2393599696803428e-001  1.7680413014652394e-001 -2.1511726427640299e-001
