0.0836242010007091 0.0836242010007091 0.1672484020014182 0.3344968040028363 0.9198662110077999
0.0873704056661038 0.0873704056661038 0.1747408113322076 0.4368520283305190 0.8737040566610380
0.0887356509416114 0.0887356509416114 0.2662069528248341 0.3549426037664455 0.8873565094161138
0.0924500327042048 0.0924500327042048 0.2773500981126145 0.4622501635210243 0.8320502943378437
0.0949157995752499 0.0949157995752499 0.2847473987257497 0.5694947974514995 0.7593263966019991
0.0957826285221151 0.0957826285221151 0.2873478855663454 0.6704783996548059 0.6704783996548059
0.0949157995752499 0.0949157995752499 0.2847473987257497 0.7593263966019992 0.5694947974514995
0.0836242010007091 0.1672484020014181 0.0836242010007090 0.3344968040028363 0.9198662110077999
0.0873704056661038 0.1747408113322076 0.0873704056661038 0.4368520283305189 0.8737040566610380
0.0894427190999916 0.1788854381999832 0.1788854381999832 0.3577708763999664 0.8944271909999159
0.0932504808240314 0.1865009616480628 0.1865009616480628 0.4662524041201569 0.8392543274162824
0.0957826285221151 0.1915652570442303 0.1915652570442303 0.5746957711326909 0.7662610281769211
0.0966736489045664 0.1933472978091327 0.1933472978091327 0.6767155423319645 0.6767155423319645
0.0901669634667432 0.1803339269334865 0.2705008904002297 0.2705008904002297 0.9016696346674323
0.0949157995752499 0.1898315991504998 0.2847473987257497 0.3796631983009996 0.8542421961772491
0.0985329278164293 0.1970658556328586 0.2955987834492880 0.4926646390821465 0.7882634225314346
0.1005037815259212 0.2010075630518424 0.3015113445777637 0.6030226891555273 0.7035264706814485
0.1005037815259212 0.2010075630518424 0.3015113445777636 0.7035264706814484 0.6030226891555274
0.0985329278164293 0.1970658556328586 0.2955987834492880 0.7882634225314346 0.4926646390821466
0.0894427190999916 0.1788854381999832 0.3577708763999663 0.1788854381999832 0.8944271909999159
0.0949157995752499 0.1898315991504998 0.3796631983009995 0.2847473987257498 0.8542421961772491
0.0995037190209989 0.1990074380419978 0.3980148760839956 0.3980148760839958 0.7960297521679912
0.1025978352085154 0.2051956704170309 0.4103913408340616 0.5129891760425772 0.7181848464596078
0.1036951694730425 0.2073903389460851 0.4147806778921701 0.6221710168382553 0.6221710168382552
0.1025978352085154 0.2051956704170308 0.4103913408340615 0.7181848464596079 0.5129891760425771
0.0995037190209989 0.1990074380419978 0.3980148760839955 0.7960297521679913 0.3980148760839957
0.0985329278164293 0.1970658556328586 0.4926646390821466 0.2955987834492879 0.7882634225314346
0.1025978352085154 0.2051956704170308 0.5129891760425771 0.4103913408340617 0.7181848464596078
0.1048284836721918 0.2096569673443836 0.5241424183609592 0.5241424183609592 0.6289709020331510
0.1048284836721918 0.2096569673443837 0.5241424183609592 0.6289709020331510 0.5241424183609591
0.1025978352085154 0.2051956704170309 0.5129891760425772 0.7181848464596078 0.4103913408340616
0.1672484020014181 0.0836242010007091 0.0836242010007090 0.3344968040028363 0.9198662110077999
0.1747408113322076 0.0873704056661038 0.0873704056661038 0.4368520283305189 0.8737040566610380
0.1788854381999832 0.0894427190999916 0.1788854381999832 0.3577708763999664 0.8944271909999159
0.1865009616480628 0.0932504808240314 0.1865009616480628 0.4662524041201569 0.8392543274162824
0.1915652570442303 0.0957826285221152 0.1915652570442303 0.5746957711326909 0.7662610281769211
0.1933472978091327 0.0966736489045664 0.1933472978091327 0.6767155423319645 0.6767155423319645
0.1803339269334865 0.0901669634667432 0.2705008904002297 0.2705008904002297 0.9016696346674323
0.1898315991504998 0.0949157995752499 0.2847473987257497 0.3796631983009996 0.8542421961772491
0.1970658556328586 0.0985329278164293 0.2955987834492880 0.4926646390821465 0.7882634225314346
0.2010075630518424 0.1005037815259212 0.3015113445777637 0.6030226891555273 0.7035264706814485
0.2010075630518424 0.1005037815259212 0.3015113445777636 0.7035264706814484 0.6030226891555274
0.1970658556328586 0.0985329278164293 0.2955987834492880 0.7882634225314346 0.4926646390821466
0.1788854381999832 0.0894427190999916 0.3577708763999663 0.1788854381999832 0.8944271909999159
0.1898315991504998 0.0949157995752499 0.3796631983009995 0.2847473987257498 0.8542421961772491
0.1990074380419978 0.0995037190209989 0.3980148760839956 0.3980148760839958 0.7960297521679912
0.2051956704170309 0.1025978352085155 0.4103913408340616 0.5129891760425772 0.7181848464596078
0.2073903389460851 0.1036951694730426 0.4147806778921701 0.6221710168382553 0.6221710168382552
0.2051956704170308 0.1025978352085154 0.4103913408340615 0.7181848464596079 0.5129891760425771
0.1990074380419978 0.0995037190209989 0.3980148760839955 0.7960297521679913 0.3980148760839957
0.1970658556328586 0.0985329278164293 0.4926646390821466 0.2955987834492879 0.7882634225314346
0.2051956704170308 0.1025978352085154 0.5129891760425771 0.4103913408340617 0.7181848464596078
0.2096569673443836 0.1048284836721918 0.5241424183609592 0.5241424183609592 0.6289709020331510
0.2096569673443837 0.1048284836721918 0.5241424183609592 0.6289709020331510 0.5241424183609591
0.2051956704170309 0.1025978352085155 0.5129891760425772 0.7181848464596078 0.4103913408340616
0.1818181818181819 0.1818181818181818 0.1818181818181819 0.2727272727272728 0.9090909090909091
0.1915652570442303 0.1915652570442303 0.1915652570442303 0.3831305140884606 0.8620436566990363
0.1990074380419978 0.1990074380419978 0.1990074380419978 0.4975185951049946 0.7960297521679912
0.2030692330267238 0.2030692330267238 0.2030692330267238 0.6092076990801716 0.7107423155935333
0.2030692330267238 0.2030692330267238 0.2030692330267238 0.7107423155935333 0.6092076990801715
0.1990074380419978 0.1990074380419978 0.1990074380419978 0.7960297521679913 0.4975185951049945
0.1818181818181819 0.1818181818181818 0.2727272727272727 0.1818181818181818 0.9090909090909091
0.1933472978091327 0.1933472978091327 0.2900209467136990 0.2900209467136991 0.8700628401410973
0.2030692330267238 0.2030692330267238 0.3046038495400857 0.4061384660534477 0.8122769321068952
0.2096569673443837 0.2096569673443836 0.3144854510165754 0.5241424183609590 0.7337993857053430
0.2119995760012720 0.2119995760012720 0.3179993640019079 0.6359987280038160 0.6359987280038161
0.2096569673443837 0.2096569673443836 0.3144854510165754 0.7337993857053428 0.5241424183609591
0.2030692330267238 0.2030692330267238 0.3046038495400856 0.8122769321068953 0.4061384660534476
0.2030692330267238 0.2030692330267238 0.4061384660534476 0.3046038495400857 0.8122769321068952
0.2119995760012720 0.2119995760012720 0.4239991520025440 0.4239991520025440 0.7419985160044520
0.2169304578186562 0.2169304578186561 0.4338609156373123 0.5423261445466406 0.6507913734559684
0.2169304578186562 0.2169304578186561 0.4338609156373123 0.6507913734559685 0.5423261445466405
0.2119995760012720 0.2119995760012719 0.4239991520025440 0.7419985160044520 0.4239991520025441
0.2096569673443837 0.2096569673443836 0.5241424183609591 0.3144854510165756 0.7337993857053429
0.2169304578186562 0.2169304578186562 0.5423261445466405 0.4338609156373124 0.6507913734559684
0.2195285199793807 0.2195285199793807 0.5488212999484516 0.5488212999484516 0.5488212999484520
0.2169304578186561 0.2169304578186561 0.5423261445466403 0.6507913734559685 0.4338609156373126
0.2119995760012720 0.2119995760012719 0.6359987280038159 0.3179993640019081 0.6359987280038161
0.2169304578186561 0.2169304578186561 0.6507913734559684 0.4338609156373125 0.5423261445466405
0.2169304578186562 0.2169304578186561 0.6507913734559685 0.5423261445466405 0.4338609156373123
0.1818181818181819 0.2727272727272728 0.1818181818181819 0.1818181818181818 0.9090909090909091
0.1933472978091327 0.2900209467136991 0.1933472978091327 0.2900209467136991 0.8700628401410973
0.2030692330267238 0.3046038495400857 0.2030692330267238 0.4061384660534477 0.8122769321068952
0.2096569673443837 0.3144854510165755 0.2096569673443837 0.5241424183609591 0.7337993857053429
0.2119995760012720 0.3179993640019080 0.2119995760012720 0.6359987280038160 0.6359987280038161
0.2096569673443837 0.3144854510165756 0.2096569673443837 0.7337993857053428 0.5241424183609591
0.2030692330267238 0.3046038495400857 0.2030692330267238 0.8122769321068952 0.4061384660534476
0.1933472978091327 0.2900209467136991 0.2900209467136992 0.1933472978091327 0.8700628401410973
0.2051956704170308 0.3077935056255463 0.3077935056255463 0.3077935056255463 0.8207826816681232
0.2144225069675590 0.3216337604513384 0.3216337604513385 0.4288450139351179 0.7504787743864565
0.2195285199793807 0.3292927799690710 0.3292927799690711 0.5488212999484516 0.6585855599381421
0.2195285199793807 0.3292927799690710 0.3292927799690711 0.6585855599381421 0.5488212999484518
0.2144225069675590 0.3216337604513384 0.3216337604513385 0.7504787743864562 0.4288450139351182
0.2144225069675590 0.3216337604513385 0.4288450139351180 0.3216337604513384 0.7504787743864565
0.2222222222222222 0.3333333333333333 0.4444444444444444 0.4444444444444443 0.6666666666666669
0.2250175801852048 0.3375263702778072 0.4500351603704096 0.5625439504630119 0.5625439504630121
0.2222222222222222 0.3333333333333334 0.4444444444444444 0.6666666666666666 0.4444444444444444
0.2195285199793807 0.3292927799690710 0.5488212999484519 0.3292927799690710 0.6585855599381421
0.2250175801852048 0.3375263702778071 0.5625439504630120 0.4500351603704096 0.5625439504630119
0.2250175801852048 0.3375263702778071 0.5625439504630120 0.5625439504630120 0.4500351603704095
0.2195285199793807 0.3292927799690710 0.6585855599381422 0.3292927799690710 0.5488212999484518
0.2222222222222222 0.3333333333333334 0.6666666666666669 0.4444444444444443 0.4444444444444444
0.2030692330267238 0.4061384660534476 0.2030692330267238 0.3046038495400857 0.8122769321068952
0.2119995760012720 0.4239991520025440 0.2119995760012720 0.4239991520025440 0.7419985160044520
0.2169304578186562 0.4338609156373123 0.2169304578186561 0.5423261445466406 0.6507913734559684
0.2169304578186562 0.4338609156373123 0.2169304578186561 0.6507913734559685 0.5423261445466405
0.2119995760012720 0.4239991520025440 0.2119995760012719 0.7419985160044520 0.4239991520025441
0.2144225069675590 0.4288450139351180 0.3216337604513386 0.3216337604513384 0.7504787743864565
0.2222222222222222 0.4444444444444444 0.3333333333333334 0.4444444444444444 0.6666666666666666
0.2250175801852048 0.4500351603704095 0.3375263702778072 0.5625439504630120 0.5625439504630119
0.2222222222222222 0.4444444444444444 0.3333333333333334 0.6666666666666666 0.4444444444444444
0.2222222222222222 0.4444444444444444 0.4444444444444444 0.3333333333333334 0.6666666666666666
0.2279211529192759 0.4558423058385518 0.4558423058385518 0.4558423058385517 0.5698028822981897
0.2279211529192759 0.4558423058385518 0.4558423058385518 0.5698028822981895 0.4558423058385520
0.2250175801852048 0.4500351603704095 0.5625439504630120 0.3375263702778071 0.5625439504630119
0.2279211529192759 0.4558423058385517 0.5698028822981897 0.4558423058385517 0.4558423058385520
0.2727272727272728 0.1818181818181818 0.1818181818181819 0.1818181818181818 0.9090909090909091
0.2900209467136991 0.1933472978091327 0.1933472978091327 0.2900209467136991 0.8700628401410973
0.3046038495400857 0.2030692330267238 0.2030692330267238 0.4061384660534477 0.8122769321068952
0.3144854510165755 0.2096569673443836 0.2096569673443837 0.5241424183609591 0.7337993857053429
0.3179993640019080 0.2119995760012719 0.2119995760012720 0.6359987280038160 0.6359987280038161
0.3144854510165754 0.2096569673443836 0.2096569673443837 0.7337993857053428 0.5241424183609591
0.3046038495400857 0.2030692330267238 0.2030692330267238 0.8122769321068952 0.4061384660534476
0.2900209467136991 0.1933472978091327 0.2900209467136992 0.1933472978091327 0.8700628401410973
0.3077935056255463 0.2051956704170308 0.3077935056255463 0.3077935056255463 0.8207826816681232
0.3216337604513384 0.2144225069675589 0.3216337604513385 0.4288450139351179 0.7504787743864565
0.3292927799690710 0.2195285199793806 0.3292927799690711 0.5488212999484516 0.6585855599381421
0.3292927799690710 0.2195285199793806 0.3292927799690711 0.6585855599381419 0.5488212999484520
0.3216337604513384 0.2144225069675589 0.3216337604513385 0.7504787743864562 0.4288450139351182
0.3216337604513385 0.2144225069675590 0.4288450139351180 0.3216337604513384 0.7504787743864565
0.3333333333333334 0.2222222222222222 0.4444444444444444 0.4444444444444444 0.6666666666666666
0.3375263702778072 0.2250175801852048 0.4500351603704096 0.5625439504630119 0.5625439504630121
0.3333333333333334 0.2222222222222222 0.4444444444444444 0.6666666666666666 0.4444444444444444
0.3292927799690710 0.2195285199793806 0.5488212999484518 0.3292927799690712 0.6585855599381421
0.3375263702778071 0.2250175801852047 0.5625439504630120 0.4500351603704096 0.5625439504630119
0.3375263702778071 0.2250175801852047 0.5625439504630120 0.5625439504630120 0.4500351603704095
0.3292927799690710 0.2195285199793806 0.6585855599381421 0.3292927799690710 0.5488212999484520
0.3333333333333334 0.2222222222222222 0.6666666666666669 0.4444444444444443 0.4444444444444444
0.2900209467136990 0.2900209467136989 0.1933472978091327 0.1933472978091327 0.8700628401410973
0.3077935056255463 0.3077935056255462 0.2051956704170308 0.3077935056255464 0.8207826816681232
0.3216337604513385 0.3216337604513385 0.2144225069675590 0.4288450139351179 0.7504787743864565
0.3292927799690711 0.3292927799690710 0.2195285199793807 0.5488212999484518 0.6585855599381421
0.3292927799690710 0.3292927799690710 0.2195285199793806 0.6585855599381419 0.5488212999484520
0.3216337604513384 0.3216337604513384 0.2144225069675589 0.7504787743864563 0.4288450139351182
0.3253956867279843 0.3253956867279843 0.3253956867279843 0.3253956867279843 0.7592566023652966
0.3375263702778072 0.3375263702778071 0.3375263702778072 0.4500351603704095 0.6750527405556144
0.3418817293789139 0.3418817293789138 0.3418817293789139 0.5698028822981897 0.5698028822981899
0.3375263702778072 0.3375263702778071 0.3375263702778072 0.6750527405556144 0.4500351603704095
0.3375263702778072 0.3375263702778071 0.4500351603704096 0.3375263702778072 0.6750527405556144
0.3464101615137755 0.3464101615137754 0.4618802153517007 0.4618802153517007 0.5773502691896258
0.3464101615137755 0.3464101615137754 0.4618802153517007 0.5773502691896258 0.4618802153517007
0.3418817293789139 0.3418817293789138 0.5698028822981899 0.3418817293789138 0.5698028822981897
0.3464101615137755 0.3464101615137755 0.5773502691896258 0.4618802153517005 0.4618802153517007
0.3375263702778072 0.4500351603704096 0.3375263702778071 0.3375263702778072 0.6750527405556144
0.3464101615137754 0.4618802153517006 0.3464101615137754 0.4618802153517006 0.5773502691896258
0.3464101615137754 0.4618802153517006 0.3464101615137754 0.5773502691896258 0.4618802153517007
0.3464101615137754 0.4618802153517006 0.4618802153517008 0.3464101615137753 0.5773502691896258
0.3511234415883917 0.4681645887845222 0.4681645887845223 0.4681645887845223 0.4681645887845222
0.3464101615137755 0.4618802153517007 0.5773502691896257 0.3464101615137754 0.4618802153517007
0.3418817293789139 0.5698028822981899 0.3418817293789139 0.3418817293789138 0.5698028822981897
0.3464101615137755 0.5773502691896257 0.3464101615137755 0.4618802153517004 0.4618802153517009
0.3464101615137755 0.5773502691896257 0.4618802153517007 0.3464101615137754 0.4618802153517007
0.4061384660534476 0.2030692330267239 0.2030692330267238 0.3046038495400857 0.8122769321068952
0.4239991520025440 0.2119995760012721 0.2119995760012720 0.4239991520025440 0.7419985160044520
0.4338609156373123 0.2169304578186562 0.2169304578186561 0.5423261445466406 0.6507913734559684
0.4338609156373123 0.2169304578186562 0.2169304578186561 0.6507913734559685 0.5423261445466405
0.4239991520025440 0.2119995760012720 0.2119995760012719 0.7419985160044520 0.4239991520025441
0.4288450139351180 0.2144225069675591 0.3216337604513386 0.3216337604513384 0.7504787743864565
0.4444444444444444 0.2222222222222223 0.3333333333333334 0.4444444444444444 0.6666666666666666
0.4500351603704095 0.2250175801852048 0.3375263702778072 0.5625439504630120 0.5625439504630119
0.4444444444444444 0.2222222222222223 0.3333333333333334 0.6666666666666666 0.4444444444444444
0.4444444444444444 0.2222222222222223 0.4444444444444444 0.3333333333333334 0.6666666666666666
0.4558423058385518 0.2279211529192760 0.4558423058385518 0.4558423058385517 0.5698028822981897
0.4558423058385518 0.2279211529192760 0.4558423058385518 0.5698028822981895 0.4558423058385520
0.4500351603704095 0.2250175801852048 0.5625439504630120 0.3375263702778071 0.5625439504630119
0.4558423058385517 0.2279211529192759 0.5698028822981897 0.4558423058385517 0.4558423058385520
0.4500351603704096 0.3375263702778071 0.3375263702778071 0.3375263702778072 0.6750527405556144
0.4618802153517006 0.3464101615137754 0.3464101615137754 0.4618802153517007 0.5773502691896258
0.4618802153517006 0.3464101615137754 0.3464101615137754 0.5773502691896258 0.4618802153517007
0.4618802153517006 0.3464101615137754 0.4618802153517007 0.3464101615137752 0.5773502691896258
0.4681645887845222 0.3511234415883915 0.4681645887845223 0.4681645887845223 0.4681645887845222
0.4618802153517006 0.3464101615137754 0.5773502691896256 0.3464101615137756 0.4618802153517007
0.4618802153517006 0.4618802153517005 0.3464101615137754 0.3464101615137752 0.5773502691896258
0.4681645887845223 0.4681645887845222 0.3511234415883917 0.4681645887845223 0.4681645887845222
0.4681645887845223 0.4681645887845222 0.4681645887845223 0.3511234415883917 0.4681645887845222
0.4618802153517006 0.5773502691896257 0.3464101615137752 0.3464101615137756 0.4618802153517007
0.5698028822981899 0.3418817293789139 0.3418817293789139 0.3418817293789138 0.5698028822981897
0.5773502691896257 0.3464101615137754 0.3464101615137755 0.4618802153517009 0.4618802153517004
0.5773502691896257 0.3464101615137754 0.4618802153517007 0.3464101615137754 0.4618802153517007
0.5773502691896257 0.4618802153517007 0.3464101615137752 0.3464101615137754 0.4618802153517009
