0.0014785550321129715
0.0015838270936071302
0.0020100443872799745
5.208542700906958E-4
6.25308542050701E-4
5.625341772700354E-4
0.0020354019962836034
9.045093648623942E-4
0.001353559911751504
0.0013960767598156908
0.0015293615727955939
5.790628221219729E-4
7.486417741073836E-4
0.0017686510424112251
4.0828273625071517E-4
9.701894915331438E-4
0.0020316296893580464
6.364760150455728E-4
0.001703128008260215
5.558225986639076E-4
0.00131044537300558
6.717480370581341E-4
6.37972340693735E-4
0.0014330333785246285
1.7320464637976017E-4
