0.03815624125918116
0.03889016890174532
0.036725189830295726
0.037551380029312534
0.03797064849999069
0.03789573983376849
0.03702160420512033
0.037165282927245885
0.03352630215947027
0.03765509458799308
0.037978491686518484
0.03637828819011755
0.03730324105705405
0.03768581699072575
0.0360097758190656
0.03697587515173234
0.037751260121659656
0.037665801409989014
0.03857038375468863
0.036906882532984575
0.038704591172688735
0.03913597382851607
0.037424332553181665
0.038672533992534244
0.036611308169811646
