0.0065015760121555225
0.006497867650959694
0.00650387310265639
0.00650682020894981
0.006503565036911157
0.006500355876731317
0.006536332617207125
0.006513459492265827
0.006501864213577148
0.006509344971276122
0.00650114923241166
0.006507649562854592
0.0065020163615080034
0.006503469001332445
0.006513072978833685
0.006581765408544818
0.006499559271817707
0.006494639944091853
0.006515799799348131
0.006504591523475798
0.006520406417784124
0.006513628665252211
0.006614045687448937
0.006507611263045412
0.00650260132744105
