6.322746638162073E-6
7.125213517986466E-6
1.0247247215040197E-5
1.2908805666635567E-6
1.499582420121751E-6
1.5170313718443496E-6
8.568265599162145E-6
2.9770312262978854E-6
4.317708981743608E-6
5.815284603926423E-6
8.203778847620604E-6
1.1236948792172238E-6
2.389878288743966E-6
8.061183188583556E-6
7.935420430923671E-7
3.1069401848824075E-6
6.117210563018655E-6
1.5819884253679807E-6
5.201922730014181E-6
1.3395145626640844E-6
5.145979024410331E-6
1.4840836410572469E-6
1.914728834564269E-6
7.046486755041305E-6
2.672894806989089E-7
