# Probleme of size 100 

# N
100

# P
2

# K
1

# Objectif 1
34
23
36
60
23
16
7
72
78
92

97
18
84
17
61
94
63
98
15
99

20
88
45
61
61
15
75
79
48
68

29
16
90
100
90
19
37
11
59
24

68
10
20
9
73
98
10
37
9
34

14
96
74
95
25
72
5
34
13
74

73
74
51
35
76
70
53
28
29
60

97
28
54
88
34
6
14
3
83
51

1
20
3
45
2
28
8
71
42
32

86
86
51
59
49
93
7
61
33
78

# Objectif 2
81
51
72
85
90
20
9
65
60
82

50
61
6
60
11
50
13
10
71
85

29
52
71
34
40
44
19
9
8
53

18
37
24
97
65
62
22
9
71
73

95
88
99
43
100
5
49
50
15
13

49
11
1
69
62
73
71
71
14
65

31
67
39
82
24
19
61
55
72
63

9
75
13
75
22
83
62
98
74
18

79
80
83
97
11
14
21
18
22
64

35
28
14
23
70
87
74
9
34
100

# Contrainte 1
11
57
10
35
8
5
52
84
62
94

27
12
58
2
9
98
73
13
88
19

17
41
33
92
9
26
58
97
81
27

67
90
99
93
96
60
51
68
61
38

20
39
1
60
91
95
31
99
23
91

6
6
42
29
60
97
6
93
86
29

92
42
18
31
85
98
96
24
26
3

97
80
38
10
41
65
81
23
48
42

31
64
91
89
21
11
68
66
52
70

19
93
24
41
90
74
30
67
72
66

2602
