# Probleme of size 250 

# N
250

# P
2

# K
1

# Objectif 1
95
45
20
14
72
24
70
82
54
11

34
82
39
4
62
12
75
43
37
59

78
28
55
53
19
19
20
51
92
57

35
92
21
56
1
69
50
17
53
96

49
49
30
46
50
53
95
25
93
26

67
89
62
49
33
10
47
82
18
35

43
39
76
26
21
52
33
48
90
57

81
50
88
35
3
76
79
30
7
65

17
6
20
67
21
89
7
13
43
85

88
14
71
62
39
83
23
6
84
80

94
99
59
66
43
57
29
45
45
29

20
29
87
1
30
38
19
76
77
24

39
36
23
39
81
38
32
23
11
10

61
99
93
5
58
92
74
47
83
8

32
12
50
80
64
81
12
97
24
98

74
9
19
67
22
2
3
15
82
3

18
84
77
96
79
29
59
2
77
33

58
34
60
80
78
98
10
39
80
20

29
55
83
24
75
25
94
44
42
77

46
10
14
88
55
28
20
76
17
2

80
22
9
29
76
33
32
4
18
50

27
56
64
42
75
51
51
20
55
43

95
43
64
20
100
82
24
37
44
10

34
88
83
75
9
87
66
15
67
4

21
12
56
4
59
68
55
4
44
2

# Objectif 2
73
25
32
100
68
65
49
97
86
48

50
40
88
32
52
34
80
35
69
95

40
100
71
50
90
89
76
53
55
3

9
32
2
67
94
11
78
87
42
37

47
80
87
78
52
73
72
64
37
36

28
49
7
31
86
88
60
26
39
99

45
55
28
48
65
42
9
7
56
42

92
19
52
16
50
86
10
46
15
10

80
39
100
89
86
21
26
5
50
38

9
5
13
99
22
22
14
18
68
21

89
96
37
63
93
26
28
35
86
76

78
53
33
58
97
59
56
76
68
64

44
37
77
42
58
52
48
16
6
91

37
4
62
31
23
39
6
24
77
59

2
1
37
44
97
39
3
86
1
26

44
97
99
32
33
34
80
8
77
38

52
94
78
37
82
81
63
45
36
53

93
74
68
14
27
79
47
25
66
35

93
74
6
13
14
61
11
31
44
24

99
69
68
49
92
19
61
61
44
93

78
17
11
65
27
88
30
92
80
31

69
45
73
79
18
96
41
69
44
75

4
57
96
69
19
53
87
43
27
98

20
8
64
87
29
32
52
45
20
57

58
67
42
56
4
7
71
69
5
24

# Contrainte 1
61
97
92
11
49
28
70
35
36
53

93
30
22
21
43
56
16
89
13
71

37
42
81
10
40
97
22
29
60
6

18
37
1
93
50
71
18
38
42
3

52
70
87
7
90
46
5
2
85
79

70
54
61
78
14
69
85
44
49
62

36
45
97
35
84
71
21
74
64
78

11
5
80
50
16
9
80
14
1
3

61
58
20
88
63
63
48
74
91
79

54
92
62
85
100
61
20
14
92
89

54
44
41
15
67
37
55
62
41
51

52
46
41
23
33
38
28
64
64
24

55
13
9
52
92
29
46
72
74
26

66
80
57
44
87
18
18
36
20
8

96
52
75
60
61
97
43
92
46
62

32
10
85
10
78
2
15
34
87
99

5
83
65
62
93
99
44
25
56
10

83
48
38
30
61
42
72
32
25
61

85
47
62
5
88
3
37
50
29
98

79
1
62
82
88
69
45
4
93
94

35
55
56
1
70
4
89
18
14
72

35
38
93
62
25
45
93
83
10
87

42
67
3
49
88
54
15
55
42
39

27
7
23
92
7
37
2
74
45
28

60
62
80
68
45
48
56
66
19
2

6219
