# Probleme of size 200 

# N
200

# P
2

# K
1

# Objectif 1
79
29
96
98
89
24
67
1
56
28

24
21
28
72
22
99
100
3
69
75

58
30
93
88
100
31
84
3
81
18

53
7
48
69
95
51
11
58
15
4

6
40
40
61
21
30
43
40
47
67

46
23
1
100
22
47
47
48
93
7

96
9
89
93
28
72
77
68
93
51

35
2
90
13
11
36
40
77
83
14

54
42
3
44
36
27
91
77
30
14

79
83
41
27
18
27
62
74
39
51

87
100
83
25
43
90
47
31
41
54

64
15
71
100
92
27
11
32
9
45

98
93
67
15
17
50
94
98
36
50

92
36
69
61
88
76
1
53
16
16

28
77
81
65
83
81
88
79
26
2

63
59
71
13
100
73
34
43
17
73

29
45
45
77
59
6
22
72
63
52

43
70
26
54
100
11
62
37
64
8

53
64
42
11
34
46
51
55
89
89

26
29
89
8
93
96
29
30
64
39

# Objectif 2
8
85
73
45
37
6
28
17
32
65

79
98
44
42
94
60
89
99
28
78

75
46
68
33
49
24
85
63
63
70

16
23
5
46
9
88
53
69
84
93

20
6
13
59
64
63
60
9
68
14

14
7
76
30
6
14
78
43
91
67

89
100
42
46
30
4
46
85
21
8

66
5
53
82
3
84
62
24
99
80

21
30
45
70
45
69
62
99
5
30

80
19
70
15
49
3
22
13
37
44

77
9
51
45
99
70
25
77
42
95

75
4
54
9
51
48
46
92
46
39

17
26
89
72
76
91
44
89
82
7

54
15
9
66
47
92
99
26
79
71

93
34
52
26
94
57
42
61
52
21

68
11
30
77
41
13
37
13
16
73

33
100
81
84
14
9
2
14
48
95

9
14
42
75
58
18
38
32
86
60

50
49
9
14
25
13
78
11
85
55

81
70
67
22
66
79
31
88
59
12

# Contrainte 1
59
3
76
19
8
53
83
35
84
25

96
15
95
86
53
22
79
94
47
51

19
30
36
87
18
51
25
9
88
28

94
83
40
80
7
18
26
65
81
10

11
20
72
63
67
7
17
88
83
5

15
54
75
89
98
42
89
2
44
98

82
44
47
1
33
59
63
63
46
28

8
12
68
24
7
31
34
89
66
93

71
50
20
53
60
63
33
72
26
20

26
55
60
74
45
67
22
24
88
8

99
66
22
87
20
40
10
22
17
81

30
26
83
9
23
66
79
80
39
31

99
63
35
18
78
73
99
25
64
63

18
89
66
100
54
24
7
52
47
79

96
85
87
18
61
82
46
99
28
20

95
88
77
75
47
67
71
62
16
7

87
49
33
36
62
45
92
75
35
16

92
15
74
44
64
35
59
46
79
77

30
68
93
2
82
98
26
16
44
96

78
60
62
29
33
84
52
13
36
76

5177
