# Probleme of size 350 

# N
350

# P
2

# K
1

# Objectif 1
25
47
26
92
26
30
92
84
60
81

28
84
77
90
72
10
21
89
67
41

96
98
69
71
69
77
34
41
86
87

97
82
39
34
83
87
88
11
15
18

99
19
92
12
28
51
37
67
39
96

57
31
12
91
35
96
89
88
84
37

97
65
18
44
23
38
23
38
44
71

15
24
50
73
1
38
65
8
77
83

67
32
2
29
35
35
29
99
81
7

38
32
81
16
29
61
13
32
50
74

96
1
97
60
49
59
59
7
71
19

86
27
9
87
72
88
1
58
23
14

5
42
25
5
15
88
2
29
21
80

35
1
75
27
68
2
56
17
49
2

66
46
16
18
54
59
46
39
70
84

40
99
45
89
8
48
29
93
100
69

80
58
27
2
45
39
9
32
39
3

56
92
34
26
4
80
36
41
38
50

7
77
37
82
29
67
96
38
56
51

8
68
96
6
49
6
2
6
39
48

54
24
7
19
58
59
22
62
12
8

13
78
42
4
85
45
1
42
41
53

65
45
74
38
34
40
94
55
74
28

24
54
1
77
75
5
52
53
89
6

87
94
66
78
69
66
53
66
22
72

94
24
86
40
64
52
7
67
1
96

21
8
65
8
96
82
67
54
72
80

18
55
3
49
5
30
46
3
32
93

66
70
87
88
53
56
69
48
65
16

79
65
71
20
77
64
80
3
64
8

20
55
12
34
34
74
80
50
3
87

31
20
90
92
25
99
61
29
39
21

90
99
48
63
84
10
36
73
27
100

61
25
17
95
4
41
27
25
13
35

27
38
62
17
39
89
48
48
69
59

# Objectif 2
75
95
90
90
30
87
63
19
60
22

84
58
26
82
70
100
54
45
55
21

78
78
1
8
48
67
18
3
81
73

23
94
36
9
32
65
16
13
48
87

77
54
61
52
90
19
6
14
91
2

42
87
5
61
56
86
58
52
69
53

91
69
42
78
99
24
59
57
38
68

22
93
6
86
96
12
52
20
33
12

82
29
10
7
76
71
4
47
20
80

59
31
75
89
4
52
44
8
98
35

47
26
23
65
3
96
42
17
64
10

12
3
15
4
71
25
42
78
22
82

54
27
15
72
40
86
30
14
100
57

79
14
64
97
69
29
4
26
63
29

48
63
55
46
27
9
73
32
79
48

42
23
81
38
91
100
14
90
91
36

78
32
64
75
96
51
65
63
26
19

83
100
14
72
61
65
93
87
28
93

31
84
8
15
36
15
57
37
98
14

13
35
58
27
26
89
83
67
6
71

56
15
37
79
77
74
48
94
38
17

63
83
39
73
64
6
35
39
10
89

74
59
42
35
5
3
65
77
25
8

74
78
98
85
59
2
2
91
18
79

32
9
64
42
94
89
57
55
39
42

85
16
1
68
7
59
58
57
25
59

55
88
59
75
37
35
19
92
24
93

36
32
53
6
57
32
29
51
37
55

79
33
60
75
52
72
96
47
41
75

85
38
92
2
90
68
28
36
58
70

35
35
74
10
61
80
71
39
26
63

62
82
75
14
5
81
69
13
77
13

10
19
90
19
88
58
99
90
80
56

55
7
55
16
99
49
91
75
41
71

3
41
49
6
83
87
69
3
55
18

# Contrainte 1
15
23
46
57
63
18
28
45
58
35

99
80
52
23
93
14
50
87
99
97

31
76
55
56
38
99
88
3
66
64

12
75
43
23
96
1
84
76
24
73

54
80
77
65
28
20
71
80
27
29

4
48
91
44
60
59
47
22
55
28

34
95
91
77
46
1
27
20
14
32

85
39
94
56
94
7
94
28
15
69

71
28
62
46
61
93
70
12
85
1

60
82
20
87
26
75
70
12
62
19

20
10
3
45
97
35
53
68
99
37

82
32
59
45
87
28
90
90
58
6

77
11
19
34
42
23
36
90
80
60

32
26
43
26
41
12
24
94
70
90

30
78
89
34
83
3
77
18
76
52

2
4
3
52
24
44
25
16
45
53

35
85
23
92
95
93
86
15
78
96

17
38
16
28
55
100
66
54
35
19

51
5
40
79
70
57
51
48
31
36

1
59
48
20
6
15
31
14
27
76

69
1
42
31
88
6
31
100
12
14

89
96
91
48
7
95
71
45
60
9

68
93
57
43
26
60
97
49
80
61

85
21
37
30
13
11
64
84
3
30

30
92
46
94
43
66
46
32
61
40

59
13
20
10
95
10
31
58
55
3

77
91
16
35
52
70
46
64
53
98

22
36
8
87
32
79
99
17
59
61

17
55
32
54
65
84
96
32
87
100

2
37
67
35
4
18
99
33
33
35

81
45
63
20
93
63
50
72
52
39

81
100
71
33
91
57
70
62
8
49

99
32
65
63
65
1
34
34
60
20

59
24
84
56
44
28
94
85
20
16

46
52
76
27
82
78
53
30
37
100

8829
