# Probleme of size 300 

# N
300

# P
2

# K
1

# Objectif 1
41
3
54
4
86
18
68
60
100
29

16
88
97
34
72
78
85
29
79
73

4
34
93
95
57
9
6
29
90
15

81
34
87
58
79
67
16
31
23
26

7
99
12
84
80
63
69
67
71
4

37
59
88
59
27
88
45
88
88
93

97
25
34
28
3
94
87
50
4
59

55
100
90
21
53
78
85
52
77
51

31
8
14
25
79
71
53
59
69
39

10
20
85
44
77
13
61
56
46
54

24
21
5
68
57
75
79
79
23
31

54
27
5
95
52
52
77
62
79
6

61
6
29
25
51
48
18
13
1
36

99
13
35
79
8
78
96
65
1
6

50
26
16
86
18
99
58
35
78
20

64
59
69
21
44
36
97
21
48
21

28
82
23
82
73
59
17
40
47
19

76
64
86
38
72
80
68
13
18
14

83
81
29
74
85
31
100
58
56
11

24
52
12
62
77
54
62
58
79
24

94
72
95
23
42
3
22
30
76
48

25
74
50
40
9
69
25
74
77
41

33
73
58
54
82
64
90
35
2
48

32
98
73
93
95
77
4
29
21
42

83
2
46
42
45
34
45
94
78
72

98
44
22
100
80
36
87
59
29
44

81
60
41
84
36
30
55
94
56
24

18
87
67
89
17
26
90
39
56
17

54
2
59
76
57
84
17
64
13
40

75
45
99
40
85
72
52
19
20
80

# Objectif 2
47
47
2
58
66
83
71
63
24
98

88
14
18
38
70
4
74
81
51
37

62
94
93
36
60
27
70
43
57
13

71
82
76
93
76
65
84
77
88
99

9
98
97
76
50
7
38
50
79
6

70
71
57
9
80
82
38
44
89
61

35
41
58
98
35
76
71
89
38
100

30
73
70
62
64
4
44
76
33
80

38
65
70
59
60
51
96
75
68
40

47
71
51
29
52
40
48
28
42
99

15
90
63
77
99
40
78
41
24
98

44
75
3
8
99
73
58
26
46
42

34
19
99
80
48
58
46
34
72
9

91
46
64
29
77
9
68
38
31
21

40
19
55
50
47
45
33
48
63
28

98
51
93
98
79
76
90
30
39
24

82
16
8
75
64
15
41
75
22
63

19
24
74
60
93
1
81
91
56
41

83
32
32
11
16
43
77
81
6
86

29
55
30
79
2
21
83
63
14
51

20
91
5
71
69
30
12
98
94
53

23
99
23
53
20
70
83
99
62
29

50
99
90
87
9
23
9
77
93
72

14
90
30
29
95
26
62
79
50
15

20
77
92
26
46
37
81
51
19
70

5
24
9
76
23
79
30
9
37
91

55
20
67
55
1
11
87
84
16
49

100
36
9
42
17
48
13
31
29
19

91
93
12
51
92
12
44
35
45
95

29
38
24
66
30
80
60
80
94
94

# Contrainte 1
39
83
34
89
35
6
96
73
42
87

11
4
48
3
85
34
58
31
7
13

51
48
7
32
70
99
20
11
10
28

24
43
35
15
52
1
88
32
24
69

70
64
57
21
92
32
31
68
3
5

8
96
79
48
44
3
47
90
19
68

46
91
35
13
6
61
51
52
86
20

53
67
78
72
42
31
90
8
43
89

15
36
34
62
81
29
22
88
17
37

92
54
100
51
2
43
62
4
18
83

24
66
39
41
13
19
33
24
63
49

42
84
35
85
27
76
78
30
78
50

77
79
83
74
90
19
80
26
4
84

20
58
79
14
9
4
8
46
18
14

26
58
81
54
91
11
49
34
96
24

54
16
71
88
56
16
69
80
21
21

27
77
79
56
99
49
22
75
94
80

97
30
44
40
15
88
6
30
75
67

39
9
24
23
70
25
51
88
43
32

45
95
72
80
30
47
67
2
95
4

17
17
90
55
84
86
59
20
20
58

61
76
11
20
59
7
39
81
92
17

48
57
33
47
18
52
53
13
84
17

21
81
53
14
29
67
92
96
63
18

70
32
86
42
31
70
66
76
61
8

23
53
32
6
3
46
91
18
79
35

49
79
84
63
36
22
58
88
49
78

14
56
16
95
4
95
19
89
11
73

49
91
64
62
9
48
72
100
43
92

58
1
71
91
4
14
15
17
13
27

7183
