# Probleme of size 400 

# N
400

# P
2

# K
1

# Objectif 1
4
20
54
73
78
95
93
61
71
78

15
6
9
19
18
97
56
18
82
93

88
40
45
26
29
63
12
30
96
37

30
96
32
25
34
14
25
59
92
2

95
48
56
65
59
13
6
7
21
42

93
25
77
82
3
52
59
13
36
85

61
54
35
22
88
94
65
64
18
64

39
85
50
7
82
67
84
74
41
61

11
2
15
54
68
45
86
40
37
20

67
95
90
41
54
39
34
71
56
30

33
55
11
60
57
89
23
27
18
82

39
99
7
98
81
35
86
97
57
50

50
22
75
52
11
8
48
23
29
16

31
20
67
83
84
38
39
100
81
46

45
49
91
56
8
11
47
5
85
98

46
5
47
65
45
51
24
65
37
39

26
34
38
95
10
91
6
17
8
98

89
56
83
11
95
93
86
43
13
100

7
44
15
14
6
19
17
65
10
22

89
2
4
51
41
43
84
61
25
18

72
21
99
28
42
44
13
93
33
7

74
71
39
31
1
48
70
63
51
6

28
82
31
97
35
41
91
67
41
100

96
60
100
59
46
19
65
92
6
29

6
4
44
70
74
20
76
64
100
60

90
61
47
53
33
60
64
54
29
80

52
88
13
76
27
55
16
44
77
24

17
32
88
40
85
30
23
69
48
46

30
24
72
86
49
39
65
14
17
68

11
58
29
33
94
61
41
21
55
40

17
10
52
59
28
49
14
19
2
3

24
69
15
14
79
50
92
48
4
44

89
93
17
28
60
7
40
4
35
33

24
38
33
92
17
89
65
6
7
48

76
47
93
94
71
10
16
33
48
76

57
93
33
39
43
18
54
54
50
12

88
71
39
55
54
32
25
92
31
38

47
66
19
59
99
80
83
68
43
10

67
31
10
58
99
21
8
37
58
46

26
22
12
71
100
75
78
36
28
57

# Objectif 2
99
94
33
95
69
34
94
60
38
80

79
76
81
53
43
77
87
97
6
82

69
97
81
81
88
50
90
82
7
87

8
23
81
30
31
86
94
63
52
91

14
17
87
59
21
17
32
87
53
56

91
73
57
41
27
64
78
95
2
58

91
28
79
12
28
90
76
4
99
41

81
21
19
49
76
74
66
69
27
96

77
4
79
31
9
99
98
91
43
7

67
44
31
80
84
70
14
18
56
69

63
72
11
35
32
99
91
43
48
60

24
50
99
71
94
76
4
46
80
30

18
17
77
50
38
52
55
66
87
67

92
68
91
52
84
69
70
39
38
65

56
58
66
90
36
63
20
32
74
30

79
45
5
97
24
53
46
82
80
72

35
5
6
30
47
70
62
75
28
45

91
67
6
35
19
32
52
72
45
27

49
55
78
88
52
4
64
72
83
100

31
24
85
70
84
52
18
77
92
29

75
78
92
86
69
88
22
92
6
96

53
57
71
18
77
18
17
69
17
93

98
2
84
6
41
56
40
96
44
90

93
22
50
9
43
58
74
72
99
90

7
45
96
93
80
50
27
65
61
64

11
70
67
42
79
21
76
90
60
30

62
79
75
71
38
87
51
55
40
39

59
45
2
7
58
32
41
3
26
27

50
46
94
60
85
38
96
95
10
88

95
64
32
19
61
8
59
35
15
56

44
10
92
26
8
12
55
54
41
30

21
73
64
82
87
63
76
2
63
6

66
3
93
36
2
7
27
89
12
25

45
43
90
20
67
86
89
46
100
35

58
10
76
42
19
44
8
71
58
4

28
83
9
2
98
28
42
65
21
86

33
41
68
94
65
45
72
30
12
28

71
83
25
79
71
72
38
89
42
56

92
50
88
45
42
34
57
50
87
84

15
58
68
44
20
98
85
13
16
89

# Contrainte 1
20
42
23
25
13
47
4
98
85
24

77
20
93
51
26
58
82
54
1
87

93
50
43
39
6
44
56
17
94
76

25
33
33
71
81
9
82
70
29
99

44
27
37
44
8
52
84
84
28
98

79
37
44
64
85
53
7
19
81
12

24
84
17
41
89
48
74
39
1
32

51
47
93
34
30
68
72
69
4
3

14
91
57
89
60
44
4
2
47
63

12
95
7
1
44
53
19
8
74
71

1
28
70
38
21
92
28
72
11
24

27
84
17
51
6
71
51
22
28
13

81
45
32
73
21
3
84
55
42
9

78
45
99
67
72
72
20
37
68
88

98
42
32
29
13
75
50
67
43
7

100
20
35
72
25
100
6
65
87
66

93
3
12
14
67
89
19
46
14
66

77
64
64
90
47
7
86
1
82
73

21
47
100
22
71
62
32
15
20
43

93
34
37
63
31
20
97
81
14
58

3
63
11
92
95
74
77
23
20
77

17
34
81
66
24
79
86
95
92
39

70
66
72
79
10
61
80
76
65
35

78
70
82
71
91
88
25
46
73
35

70
51
3
76
46
90
13
55
16
76

1
42
87
34
18
13
84
80
5
59

66
84
74
44
88
87
92
76
43
59

27
49
57
54
48
77
90
26
86
10

28
69
56
69
20
27
27
56
3
33

45
47
17
36
74
70
61
2
90
33

61
45
15
59
45
46
85
95
39
16

71
100
32
89
44
60
41
23
49
84

46
95
1
42
91
2
30
10
9
97

90
49
71
71
18
63
98
44
13
40

70
8
77
57
38
12
81
64
65
85

70
45
58
91
96
26
77
7
75
90

80
12
87
97
25
50
35
20
80
20

93
66
87
100
55
2
27
40
12
7

42
71
94
51
63
72
22
33
82
43

48
65
17
38
5
2
90
65
35
61

10150
