# Probleme of size 500 

# N
500

# P
2

# K
1

# Objectif 1
3
75
63
76
96
79
100
48
87
47

44
90
31
81
18
78
42
37
38
3

7
48
46
90
77
66
74
61
72
2

72
11
11
4
97
79
50
59
62
57

1
72
73
91
61
98
19
91
67
32

74
68
22
84
91
8
32
62
78
61

32
36
69
95
79
19
73
44
28
54

18
25
48
80
74
16
66
32
69
35

83
9
40
8
89
16
66
13
21
37

62
94
83
52
94
8
77
92
3
37

27
44
6
65
29
41
46
55
73
71

20
88
18
20
87
23
33
26
40
50

28
89
13
3
28
60
60
47
23
15

10
59
58
85
56
84
71
38
43
65

30
68
59
94
61
29
61
88
49
96

85
22
56
57
16
33
84
30
34
63

9
100
12
65
41
57
70
79
30
35

39
16
54
45
47
82
95
20
44
19

86
45
32
50
45
97
7
44
77
65

94
1
13
63
43
1
77
44
58
70

55
12
63
20
44
55
80
44
100
53

21
46
27
17
63
49
55
81
66
31

77
97
22
61
13
48
24
99
45
27

92
36
29
1
22
25
76
50
54
91

45
81
52
26
80
31
52
32
19
97

5
99
36
65
68
98
44
76
95
60

69
52
58
10
20
14
58
58
74
11

36
28
37
94
89
70
17
61
16
54

16
49
15
23
45
3
50
32
3
13

15
24
45
29
34
83
33
79
17
83

39
24
32
15
100
69
67
87
99
90

3
76
34
21
77
59
8
6
24
68

89
12
38
78
58
40
42
8
27
40

8
37
10
35
16
66
63
3
16
68

57
62
36
10
82
86
23
65
13
6

48
2
82
74
54
43
63
59
68
24

98
86
55
72
84
94
1
28
40
2

38
3
11
18
73
83
30
86
37
39

89
36
20
85
75
17
92
50
97
96

5
60
63
27
6
67
88
47
63
99

82
24
66
60
46
100
72
64
17
26

63
89
3
26
6
34
38
75
20
72

3
61
84
3
1
20
61
55
6
37

22
36
94
80
52
85
33
49
98
64

96
19
53
32
79
65
4
49
78
91

98
20
77
93
35
38
56
74
35
67

90
80
97
86
18
85
95
87
52
73

19
92
97
63
90
20
45
85
87
84

100
65
5
11
51
64
60
29
65
39

69
16
13
11
9
18
45
49
53
28

# Objectif 2
38
39
18
40
76
98
63
84
16
29

55
90
43
38
65
24
4
27
73
28

93
45
36
44
12
1
73
75
81
37

59
36
83
54
85
54
43
5
29
66

7
83
12
89
71
10
86
11
72
96

25
9
74
54
55
22
23
2
25
47

32
60
73
16
88
95
42
81
7
98

66
50
93
21
56
11
39
42
27
55

32
28
43
35
4
98
15
65
89
95

59
70
71
37
59
69
58
99
51
100

21
99
84
72
57
7
23
56
58
36

12
31
17
33
42
38
52
30
5
83

70
60
41
43
45
82
93
69
76
49

86
1
64
87
44
88
32
14
37
20

65
92
9
38
59
37
38
94
69
53

98
75
1
66
29
72
55
13
39
73

63
41
9
42
73
3
55
1
89
93

62
47
56
100
67
57
70
4
47
78

71
11
4
88
87
80
89
91
53
1

5
53
19
11
50
84
68
82
43
8

33
76
86
4
50
54
56
92
96
80

13
4
32
36
29
27
7
59
7
76

21
19
16
5
43
16
71
87
68
84

50
53
88
68
73
72
56
1
57
62

32
19
17
82
42
85
52
80
54
66

77
9
34
94
10
49
16
79
38
91

78
73
99
36
9
24
12
100
41
90

3
77
4
93
73
69
21
53
36
27

51
73
58
37
50
18
45
48
53
9

78
27
29
66
61
13
65
8
93
1

62
52
4
67
57
12
18
85
46
89

67
59
71
68
70
75
90
48
91
27

15
60
47
72
9
82
94
51
91
93

69
62
34
27
62
81
98
2
69
22

12
36
4
61
26
84
37
16
97
30

38
26
33
58
73
66
100
58
29
47

36
2
33
6
62
11
83
19
79
98

96
71
16
34
91
38
95
96
78
48

39
7
52
73
48
83
48
57
64
32

26
9
87
67
35
96
10
93
29
33

34
49
45
34
2
55
56
76
6
24

47
35
38
52
19
20
8
17
28
93

65
42
13
73
9
28
61
21
93
60

47
35
56
78
14
45
41
96
39
47

93
69
64
36
80
63
10
62
32
58

69
30
52
12
46
23
70
42
97
53

59
57
57
52
60
21
49
69
98
76

72
17
89
74
43
89
97
99
69
57

85
50
27
51
1
96
21
62
41
44

57
88
10
90
3
93
92
26
20
21

# Contrainte 1
1
54
3
8
62
18
98
76
85
41

80
19
78
43
17
59
33
77
21
89

11
2
94
17
15
48
27
40
26
8

10
51
31
57
26
58
94
54
8
19

7
30
2
96
66
68
9
98
48
3

55
40
48
11
60
48
11
65
26
4

36
15
27
83
85
12
34
93
94
95

4
47
31
25
72
92
28
60
77
49

50
73
31
8
93
25
36
95
40
71

21
54
100
90
84
50
93
6
23
63

17
24
6
89
87
93
61
54
55
34

49
19
98
94
24
95
65
43
43
72

53
84
19
45
22
82
93
92
56
44

82
66
45
25
11
35
16
59
10
13

97
39
97
12
2
6
39
31
37
74

84
82
75
37
80
83
25
86
82
82

42
89
62
76
36
99
62
14
57
75

37
79
12
71
2
72
28
2
7
78

33
70
39
73
30
61
68
91
83
23

24
94
94
66
8
95
83
46
7
19

24
12
76
51
61
29
87
95
85
98

52
62
65
82
100
49
86
37
36
33

58
4
98
94
17
87
63
93
86
45

78
4
63
71
39
5
44
89
56
25

49
69
98
14
33
14
72
86
39
16

67
29
98
75
65
20
28
87
91
4

4
13
84
63
23
35
41
65
53
33

30
58
35
16
62
54
80
99
98
24

93
92
69
47
73
16
28
38
9
26

28
31
15
74
80
15
60
88
22
39

36
14
64
30
65
91
87
45
20
21

6
31
15
89
19
3
70
56
71
50

40
26
59
2
81
59
63
15
66
64

54
19
52
31
66
9
17
41
9
5

71
27
1
11
18
61
44
61
32
63

22
58
15
56
11
53
19
44
76
49

32
57
69
46
26
90
53
95
56
38

1
65
42
10
97
5
14
41
12
69

52
44
54
21
56
87
24
44
69
6

39
36
88
19
88
70
58
31
20
49

70
43
54
1
100
41
89
43
51
95

8
60
78
12
82
75
29
37
83
7

50
37
20
60
68
87
35
36
4
43

35
33
22
4
24
49
95
93
78
94

76
7
18
4
78
90
3
44
92
58

83
34
44
92
28
41
9
33
56
56

12
82
90
80
82
36
68
81
61
82

54
91
83
25
57
38
3
7
91
28

81
83
28
89
9
44
54
91
47
40

97
71
77
15
42
19
84
100
25
94

12446
