# Probleme of size 50 

# N
50

# P
2

# K
1

# Objectif 1
98
77
53
99
10
87
7
26
87
68

68
95
18
54
39
77
4
55
7
4

87
97
17
3
46
62
34
99
87
38

98
61
70
74
21
85
35
50
100
29

61
90
39
86
13
84
54
61
92
57

# Objectif 2
25
81
7
44
81
16
20
46
39
87

3
66
43
79
60
9
13
58
53
66

82
68
89
18
54
60
70
26
87
33

51
37
66
69
30
32
41
6
72
3

93
88
39
6
36
42
59
96
49
20

# Contrainte 1
82
19
94
21
23
3
15
29
23
32

17
38
96
97
77
81
59
69
71
19

47
58
52
45
83
82
88
8
34
71

3
86
38
74
81
56
47
34
18
80

14
65
71
93
78
11
71
92
81
38

1332
