0.012559422157149558
0.01591925478456796
0.014014243051708675
0.01716411271085505
0.014940831001704208
0.012517450930353724
0.013775227142583946
0.01304664356784141
0.01248786612919972
0.011671554391769257
0.014969200106350333
0.014633648608210037
0.012842284313699603
0.013863130310944105
0.01510195436803996
0.014099844509073312
0.018602744659002357
0.01513407831638125
0.013781074821710815
0.01687354020149745
0.01249368314341548
0.011469170594627709
0.012935812389554602
0.01310991180505594
0.013604899009622196
