3.9365260471535665E-4
2.4132078761699823E-4
2.9469944013882187E-4
1.6391749072356473E-4
1.498519224329844E-4
2.0004861239425882E-4
1.7949168584913396E-4
1.961041357439462E-4
2.795023864624417E-4
1.8749804492232958E-4
3.736450374681468E-4
1.8794243097840338E-4
1.9645960548962668E-4
2.009534384184458E-4
2.505848375174601E-4
1.7267234762067784E-4
1.8091385775920808E-4
2.2555666027827896E-4
2.9010290330964625E-4
2.3722323425859871E-4
2.2095795123718183E-4
1.382324520770424E-4
2.0498049410815216E-4
1.911785455547694E-4
2.9411467717111004E-4
