2.0412437956524135E-4
2.069694653452336E-4
2.0503337798346349E-4
2.198458916013066E-4
2.3165908917616496E-4
2.0302938745123784E-4
2.1549410590469622E-4
2.018478912817344E-4
1.9910193927415732E-4
2.107115146434641E-4
2.1054049040960808E-4
1.9423024113056096E-4
2.1155685662398695E-4
2.1491225479838242E-4
2.072706339119636E-4
2.0029233342454101E-4
2.1386068327403646E-4
2.0422317574808155E-4
2.0218906833578194E-4
2.2373722693249987E-4
2.1672748843303805E-4
2.08078735807118E-4
2.0551388854420663E-4
2.0904804510563812E-4
2.15849640169323E-4
