0.0042462683892552705
0.004301010305423247
0.004064237745449325
0.004157360990391748
0.003851411756785745
0.00394935153354224
0.0041158807522257215
0.004122474578678953
0.0036480214657827388
0.0038334240860630783
0.004484057723707328
0.0037605990279544832
0.004071514313261874
0.004205742056577299
0.00420323621926192
0.003824130528668186
0.003975296718547752
0.004123244204379555
0.004239006347028898
0.0042128728888199875
0.004036950563792263
0.003583602628792511
0.004067189181103481
0.0039007284639546785
0.004455106080993894
