0.006510806106791539
0.0064296999727086294
0.0065061590131124435
0.00633198927267378
0.006680304997634846
0.006527171847895031
0.0067642273391006515
0.006442514425317743
0.006610294394902841
0.006595162824855172
0.006556155144229486
0.006309508471917493
0.006442838875499326
0.006448464804088946
0.006460412808170992
0.006548735833651065
0.006412337170518994
0.006480410093712481
0.006457744562983861
0.0063210876568534444
0.006522272948882208
0.006609490839884779
0.006540481797902533
0.006588089200161497
0.006524829307625305
