0.0033249519957353436
0.003344047024865661
0.003324613629401895
0.0033137525126968772
0.0033470761075484463
0.0033482166277694412
0.0033548978062556364
0.0033336321923341967
0.003336581674907176
0.0033247273186198275
0.0033201229859155875
0.003315737052094762
0.0033139309278743603
0.0033185389605036083
0.0033217371566245206
0.003342870839384923
0.003316399447184785
0.0033232035566607898
0.003325628017672364
0.0033166207255281225
0.0033298802484377187
0.0033409251958528108
0.0033331918736754056
0.003342261444893047
0.00333948947239343
