 -1.8785768809450733e+001  3.3616954860437176e+001  2.6882113915382682e+001 -1.0433064197429360e+001  9.4489289408247579e-001 -3.3538964332596910e+000  3.5352127339076374e+000  7.3942769413967824e+000  7.7909087526412346e+000  2.0912921099835673e+000
 -3.8080580880289006e-001  1.0420967284673154e+001  9.3472919131156775e+000 -2.0926490513724943e+001  1.1425903158890700e+001  1.1056372574995397e+000  3.6879282505970373e+001 -1.9103397804634721e+000  7.5611684932093199e+000 -9.7430664357899719e+000
 -1.2341688082549489e+001  6.3621993552738045e+000  8.2484299397924641e+000  8.0892563664178354e+000  6.9234506619011427e-002  2.5786241359574857e+000 -4.9734021861818611e-001 -2.0627220954843271e+000  1.4302051477457656e+000  1.5522003760944671e+001
 -1.7006542510444671e+001 -1.2679306064055677e+001  5.1658120519511158e+001 -3.9766120780636900e+000  3.9349384750136576e+000 -3.0777202564613845e+001  6.1465971476271157e+000 -1.1404959107806402e+001  1.2694206030880832e+001 -9.3951432281174387e+000
 -5.4847491542826621e+000 -1.3643476981518553e+001 -2.0812578603542899e+001  1.2480631776818850e+001  8.4497820599569917e-001  2.4830393330514045e+001  3.3838505185702559e+001 -1.7003569707093064e+001 -5.2939643674048442e+000  2.6065703095424336e+001
  1.1422878520470586e+001  1.0221461943150496e+001 -5.9994789874002628e+000 -8.9358916025741415e+000  3.3407916251514460e+000  3.9245488542554492e+000 -6.7605717857278513e+000  1.4016300477765046e+001  2.3533969357952147e+000 -1.5957358828479556e+001
  1.4106979735005300e+001 -6.8979757292229404e-001  2.5928358266684882e+001 -3.0138271725378775e+001  1.2953067028884863e+001 -1.7125782201118525e+001  1.9122903237509483e+001  3.8502101712160597e+000  1.4449871260335931e+001 -3.7768641488073015e+001
  1.8171620273851625e+000 -4.5228977429981496e+000  2.5960648243684310e+000 -3.0779703663335480e+000  3.6662383806277021e+000 -3.1422719671052084e+000 -1.9391037957658499e+000 -1.1328460209494431e+000 -1.4593971192280721e+000 -4.3850653050781068e+000
  1.7059635015136770e+001 -4.0887343040678509e+001 -9.0413685473717607e+000  9.2078166133516532e+000  2.4835590816969209e+000 -3.1352382866663429e+000 -5.1597084344852373e-001 -1.0448164970351954e+001 -3.9790838641391200e+000 -5.0101517638708923e+000
 -2.1004104733841622e+000  4.2857434922129016e+000  1.8138803730523911e+001 -5.5691566223518540e+000  2.0414928764167950e-002 -5.5315683071808275e+000  1.7507462325577925e+000  2.0183823538506891e+000  8.9673707865551204e+000 -3.5936542419629482e+000
