 -1.8991744426769389e-001 -5.5986988666281989e-003 -8.1050632217209828e-001 -8.4215741843329828e-001  2.4717798776489058e-001 -5.6806371226205876e-001  9.2522291168765802e-001  5.3853402652487975e-004  2.3922309010707596e-001  5.5932959704914897e-001
 -5.8498865733251915e-001 -5.1183207417014676e-001 -3.6035169841446152e-001 -5.1956836610221058e-001 -2.6243839377765982e-001  8.5160423983135969e-001  1.9154016217832470e-001 -5.2860883084370447e-001  1.1148833615542866e+000  1.1644780053670210e-001
  6.0877691457987482e-001 -3.0344695967890417e-001  2.1307069039152329e-001 -2.5767048580708979e-001 -2.9440397759810488e-001 -8.3157735350255957e-001 -3.7567149498877905e-001  9.2094781602341103e-001  9.8015928589215984e-001  7.8246235067732894e-001
 -4.4056195306686863e-002 -1.3587374627929365e+000 -7.2659397356318745e-001  2.3271308093695908e-001 -3.4441013087785666e-001 -2.3355643554326661e-001  1.6601741129456543e-001 -6.0115274433865717e-001  3.6395003267714854e-001  1.4040023208854677e+000
 -2.4794866064306814e-001  1.5407730207267140e-001  3.6412794070560633e-001 -1.0869314057360066e-001  2.2449421437434025e-001 -6.6094979842650403e-001  1.4030470312052284e-001 -1.2474833289025289e+000  5.8913115422678330e-001 -2.4322201470823795e-001
  1.2172160563083443e+000  7.2672501877246287e-001 -1.8987943437849253e-001 -1.5179609660715709e-001  1.0128243477255854e+000  1.2144768049060478e-002 -1.2890323390296288e-001  3.5061825512104000e-001 -3.6579719047451435e-002 -1.3004189902869889e-001
  4.7448271063154346e-001 -7.4362018234534899e-001  4.0120692471584019e-001 -8.7829819277913823e-001 -1.1343026015895796e-001  3.0506688225626666e-001  6.2452941892594849e-001 -9.5826037296620803e-001 -6.4274902813876977e-001 -5.7585458820664237e-001
 -1.5476758558573708e-001 -5.2695738902893174e-001  1.8620618579268733e-001  3.0852477992180527e-001  1.1919382410176234e+000  2.7550913032174815e-002 -2.6708915757679247e-001  4.9103295705695538e-001 -1.1745966039323549e-001  2.9100749528743156e-002
  2.4889824915382136e-002 -9.9944345500637932e-001 -7.8802767779192806e-001  2.6495128775912580e-001 -2.9320685039587818e-001 -3.0169050790391716e-001  1.0555277693059643e-001 -1.1316187428812710e-001  4.8705294454859982e-001 -8.4920274999838841e-001
  5.0083459799426921e-001  3.7950146579611266e-002  4.5260062856627253e-001  1.0101800214227374e+000  3.3546493344741213e-001  3.6219286816237339e-001  1.2876382423603074e+000  2.5102241740148667e-001  1.5581772505550484e-002 -4.6202160473507503e-002
