 -7.3696625825313500e-002  1.5747490444892893e+000 -6.4377942207169941e-002  6.3201848730939580e-001 -1.2455211411481415e+000 -3.5341187428098381e-001  3.5031691018519090e-001  6.2886479758992697e-001  6.8593632355012335e-001  1.3975663076173925e+000
  6.3700016123079051e-001 -1.3833836770823484e+000 -2.4437874951092337e-001  1.6992995943357547e+000  7.1757447137502850e-001 -7.7753800570270454e-002  4.9291080765053624e-001  1.1392847178100191e-001  4.8163647386641817e-001  2.8150613437207017e-001
 -1.4466181982194921e+000 -1.1273816086105013e+000 -1.0665724848959319e+000  2.1900088934332190e-001 -5.8130776006865136e-002 -9.9187841926086026e-002 -1.2465831572524580e-001 -5.0547372808368829e-001 -2.1020191419640880e-001  1.1509984987284301e+000
  1.0410802679063424e+000  4.7577677793232626e-001  9.6430154567967874e-001  1.5636976117984064e-002  2.0539698111678034e-001  2.5839780039821658e-001 -5.1710361801897031e-001 -1.5449014589834349e+000 -1.4560361158442292e+000  9.9877904060730438e-001
  2.6260272944635960e-001  9.2947540741436874e-001 -1.2953100028930926e+000  6.6512029642561388e-001 -2.7957781701655993e-001  8.4060537698112758e-001 -5.2922829607729160e-001 -8.6040220072910467e-001  4.9503162769183251e-001 -6.3765376892958103e-001
  8.1307889477954698e-002  8.0062327426592494e-001  7.2294618679188488e-002  4.4874698427975906e-001  1.7959858022699743e-001 -1.3634800693969209e+000  7.5257943996576704e-002 -1.2486791053473751e+000  6.8143526407032673e-001  1.3558980136836016e-001
  8.7913516653862697e-002  2.1022739728349416e-001 -1.5708234535904123e-001 -3.5182196550454031e-001 -6.4190160213761838e-002  1.5082748057903228e+000  1.1168462803089814e+000 -3.6773042225135699e-001  2.6828021681357744e-001  4.9698836189165707e-001
 -9.5406235378612747e-001  3.9879009060640763e-001  5.8022630243503770e-001  2.4831174649263604e-001  1.1781385394000925e+000  5.3134809745284084e-001  7.8257240450327026e-001 -3.8166809840963106e-001 -4.8082474351369503e-001 -6.2076533636514075e-001
  2.7628599479864874e-001  3.6188284466692094e-001 -1.0302756351623272e+000  7.2348644867809120e-001 -3.7379075361566066e-001 -7.9223639600376997e-002  1.6221551897070494e+000 -8.2880436781697358e-003 -1.0881497169330046e+000 -1.9204701133595675e-001
 -3.0035568486304853e-001 -5.0758053487595001e-001  3.1143454840627821e-001 -2.5444900307396151e-001 -7.7988528102301924e-001 -6.8262839999436264e-001  5.5932665521935510e-001 -7.9579050121422423e-001  4.7071685181799255e-001 -8.0019268494895490e-001
