  9.0799583220299040e-001 -4.1897919841204423e-001
  4.1897919841204428e-001  9.0799583220299029e-001
 -2.2799717903116590e-001 -9.7366179259218688e-001
  9.7366179259218666e-001 -2.2799717903116559e-001
 -9.1054151038240383e-001 -4.1341765548961590e-001
  4.1341765548961579e-001 -9.1054151038240394e-001
 -4.5644809956423943e-001  8.8975003928305330e-001
 -8.8975003928305296e-001 -4.5644809956423860e-001
  7.3522275370447709e-001 -6.7782556932827920e-001
 -6.7782556932827909e-001 -7.3522275370447709e-001
 -2.5143044799600600e-001  9.6787536895022175e-001
 -9.6787536895022186e-001 -2.5143044799600595e-001
  5.9444009538141795e-001  8.0413989641288930e-001
 -8.0413989641288841e-001  5.9444009538141651e-001
  8.4274557149584417e-001  5.3831208580538414e-001
  5.3831208580538403e-001 -8.4274557149584417e-001
 -2.2448936352740992e-001  9.7447653930869926e-001
 -9.7447653930869882e-001 -2.2448936352740892e-001
  9.9985515028026184e-001  1.7019942950410170e-002
  1.7019942950410059e-002 -9.9985515028026184e-001
