  5.3916501301963748e-001  1.9078063596431412e+000
  1.0327299372660115e+000 -5.5180245697726782e-002
 -7.6553724441663451e-001 -1.4755467536858644e+000
  2.5206611178535971e+000  9.3967123720966717e-001
 -8.9575496571870461e-001 -1.0134242026964273e+000
 -4.5094747537782065e-001  1.7225680831914201e+000
 -8.5652504715427402e-001 -1.1630304406186620e+000
  5.4729379742452111e-001 -2.7593829993482917e+000
  3.2616139852974252e-001  1.9691442495117351e+000
 -9.7060984279480977e-001  2.7204080538371939e-001
  1.5344091098693019e-001  1.1342119303536069e+000
  2.7783152920672385e+000  9.8538485970933209e-001
 -1.1724371711229278e+001  7.0803865342603469e+000
  1.3197307500005383e+001 -6.2640489503749226e+000
  2.2913942382049473e+001  7.7360670049368940e-001
 -1.9274626753587842e+001 -1.9599848711007160e+000
  4.1312602830495704e-001 -4.2070852170004919e+001
  6.6727982451468986e+000 -1.9541327101339331e+002
  2.3728373754489791e+001 -2.5754410074859257e+000
 -2.9568562724312841e+002  4.4736352381725844e+001
