  5.0394089748615567e-001  5.7835301169647693e+000
 -2.4122450377986344e+000 -7.8407841977456680e+000
  1.9590890430106011e+001  5.3629167817822454e-001
 -4.0098971946010282e+000  9.1111353860441502e-001
 -2.0368133637360355e+001  4.3551794313108289e+001
 -6.7552406793640101e+000  1.1989456518258153e+001
 -1.9334224335937562e+000  2.2738086204625507e-001
 -9.1194711001338405e+001 -4.0996766470286680e+001
 -4.5762218328319427e+001  1.7305414088128953e+002
 -2.1725626033874256e+001  8.6527919603710870e+001
 -6.5779948180641270e+002  5.5106660485394480e+002
 -3.9433241100500351e+002  3.2882881318543622e+002
  1.9696248600074907e+003 -2.3818837263258857e+002
  2.5072549448776428e+002 -3.1335864388565295e+001
 -2.0047566646805185e+003  1.5310231180937748e+002
  2.2199681636934888e+003 -1.7103435247056979e+002
  4.1463950451978292e+002  1.2297648975693273e+003
  1.2117768916686721e+003  3.5843200391170012e+003
  2.9822792634865158e+002  4.9325838051375094e+003
 -4.4978482065222273e+001 -7.6069379213456432e+002
