 -2.5895261738163883e-001 -1.0175942956744435e-001 -2.4679218027933841e-001  4.2336638278665978e-001  5.5587977013563261e-001 -4.7324508893696443e-001  5.7100202766406705e-001 -2.3833191325746064e-001 -4.0301773325109469e-001  1.0929187891467511e+000
  1.7279565987950521e-001 -1.9981637292749274e-001 -1.0970707492248599e-002 -4.4498865221943396e-001  6.6677132918536208e-001 -5.7109996926234385e-001 -6.9272435788176184e-003 -4.4040741520351262e-001  7.5593410436098496e-001 -2.4817003612007793e-001
  7.1509850952775245e-001  5.7092690133792146e-001 -7.9437272043384366e-001 -4.0574079212326905e-002 -6.1700165264422291e-001 -1.4442817339295375e-001  5.5500293627097286e-001  6.1292047818696418e-002  4.2337586705494190e-001 -2.9275888271258088e-001
  3.7459878093614041e-001  3.0414535752990945e-001  6.1854121595880873e-001 -1.8253713882553899e-001 -8.5951776584540202e-002  6.8205916320058879e-001  4.8965989868924947e-001 -2.5409249835682568e-001  2.0647249378240112e-001  4.5247309637109323e-001
 -1.9101408337939288e-001 -1.4013677463582844e-001  7.6213646685863601e-001 -2.6395334070357190e-001 -2.3210209939619258e-001 -4.2312555008356156e-001  8.0252489467613775e-001  4.8181973827203645e-001 -2.7594074125143486e-001 -5.7137971996846970e-001
 -1.0592640806749581e-001  5.3512904963661634e-001 -1.4380270301318246e-001 -9.1721616786171423e-001  1.8453412783445541e-001 -7.5570057136865182e-003 -2.9109770529581835e-001 -3.9219703336260764e-001 -8.2078877023958086e-001 -3.8704746700053760e-001
  4.7632734580863423e-001  4.2847033067361601e-001 -7.9783357160050222e-002  6.9401738854079098e-001  7.6879205215483715e-001  8.6638766447985571e-002  1.6889764907831950e-001  1.6681970926268003e-001 -5.1795112514378439e-001 -1.8446898846123311e-001
 -5.4043471667983167e-001 -5.0348312813737306e-001 -3.4535113741970119e-001  2.5084744370085982e-001 -1.7847360081965177e-001  2.0845804127948184e-001  3.7880938613374354e-001 -8.9879028768233038e-001 -5.0809615458221019e-002 -5.9852972227781165e-001
  6.2999379529317623e-001 -8.8094352929402542e-001 -2.6543667218141342e-001 -8.5114380324344963e-001  1.1409151085517524e-001  5.8820342362657174e-001  1.4751162215097532e-001  3.6861868050340613e-001 -1.9226941922360685e-001 -2.5841711929933181e-001
 -7.3702890253821662e-001  1.3986673295774771e-001 -3.9029592969760579e-002 -3.8707641355809652e-001  8.1739840167997546e-001  5.2663977330131773e-001  1.4884568436925888e-001  4.4706266373652870e-001  4.0258059679430486e-001  1.7838778804513830e-002
