0.006482281901447232
0.006610506006032151
0.006345803831244183
0.006407420892403607
0.006364174531802986
0.006377299687341289
0.006579211616644063
0.006428070504289508
0.006566584292304709
0.00640367768603153
0.006522389965477258
0.006561072776403681
0.00653241333151674
0.006443660086022202
0.006492398989993842
0.006604913300138199
0.006395143821966976
0.006555926127502284
0.006338886324844425
0.006575308946640542
0.0065545069731736336
0.006713660726715673
0.006407489252989942
0.006356325462594229
0.006811176110333833
