0.0033313093907818
0.0033436913628741905
0.0033063202887223773
0.0033284417645890498
0.0033306558412519965
0.0033238711993760234
0.0033277185817470376
0.0033141011156855057
0.0033218649322436767
0.003321126850888785
0.003334650432385519
0.00333495914243173
0.0033291050148923614
0.003314723491398645
0.0033296835007504497
0.0033645103820414616
0.0033247486555059214
0.0033309621353926995
0.0033090849025959835
0.0033341628376398697
0.0033293220269989348
0.0033494813703907255
0.0033235737525844234
0.003313472380381741
0.003350982627429752
