0.012727909359392053
0.013205399195944836
0.015560955264705911
0.017102304065174267
0.010630612582570587
0.012963921216275653
0.012530691244508396
0.012689133813867187
0.014410770411825036
0.01449406789867741
0.01348259348313044
0.017413406828345523
0.01600613663873862
0.011513766500359401
0.013430380189341284
0.013955242575309779
0.02278967827980327
0.015194483329304481
0.014849441179005107
0.013765649527810064
0.013575543628519732
0.013330792126466123
0.012892784599884966
0.015317277486423808
0.011464315601039277
