2.3201654196062702E-4
2.332773054901213E-4
2.8588347468205914E-4
3.021777761866688E-4
2.7061936603494616E-4
2.541035651334803E-4
2.2664500268861044E-4
2.5586231199780887E-4
2.1759286207272E-4
2.586830286989837E-4
2.3449511624553586E-4
2.0220094829154127E-4
2.0179918836942277E-4
1.8568107576157002E-4
2.1835669509953027E-4
2.5192030408704557E-4
2.3550189217349333E-4
2.3280920642756547E-4
2.2878269271790882E-4
2.8439130230559944E-4
3.0164600046201517E-4
2.539837106812571E-4
1.9492093937310205E-4
2.637402178291987E-4
2.6386861338296665E-4
