1.8830787310316314E-4
2.0353768269414067E-4
2.138094575603624E-4
2.093843154003373E-4
1.8657257161220524E-4
2.0198904770252313E-4
1.944843228912952E-4
1.908688225951077E-4
1.9828107223577476E-4
2.0733288810556824E-4
1.914767624951187E-4
2.205137913886411E-4
1.9977903925596385E-4
1.938296857333484E-4
2.051834326659792E-4
2.0424967027026823E-4
2.292628550854028E-4
2.1157296751320645E-4
2.03361460825538E-4
2.0200372545042504E-4
1.9882324172111536E-4
2.066659534977134E-4
1.9886861538254816E-4
2.035428114400651E-4
1.9604400324525366E-4
