0.003989070661530901
0.004268168514389062
0.004453454751965993
0.004234955916407133
0.003821269462715494
0.004160176055339588
0.003928707355131021
0.004215788021290878
0.00417258582208853
0.0042928805825160005
0.0040101241929963935
0.0043055677062035745
0.0039335877628049664
0.00394094135537694
0.004079981449213328
0.004394022991303849
0.004578968293771271
0.004022135403325566
0.004246280402345315
0.004182928374689574
0.0040904943933374165
0.004201511721995156
0.003935251046339856
0.004317765175682243
0.004186493466442127
