  9.7190131924568962e-002  1.7277925229775867e-001 -4.1656814677776766e-002 -3.8729650747657149e-002  2.4263756298486816e-002 -3.9454580107453874e-001  5.7897911620975973e-001  2.9334300760908155e-001  5.9020311679920745e-001 -7.6609149204000970e-001
 -4.2793579224593259e-001  2.6140383465534839e-001 -3.7715046253368689e-001  1.1578208028882377e+000 -4.3893515980374215e-001  2.2603384048671255e-001  5.1796389643080809e-001 -2.6927013182957987e-001 -1.0682248166305010e-002  2.0415784394865821e-001
 -8.1198227901818731e-001  1.8150591779793587e-001  2.8772116580337864e-001 -5.1400730192772437e-001 -5.7661766373000578e-001  1.2196086773426185e-001  4.8544311536853035e-001 -3.8714103186341187e-001  1.1750267191553054e-001 -5.3121798822449204e-002
  2.2303940434149544e-001  4.2713528566242420e-001 -2.2906945260738720e-002 -1.7007693880457170e-001  6.0491671401734814e-001  6.5021394546347744e-001 -1.9296766628953799e-001 -8.4888975710171677e-001  5.7949508621588675e-001 -5.8508274129566828e-002
 -4.3832699111176371e-001  1.0867138334753455e-001  1.4466465281613028e-001  1.6088807402797636e-001  1.2812584189122292e-001 -7.3538630284397133e-001 -7.4516684843057335e-001 -6.1726099176779695e-002  8.3734290281753498e-001  2.8492599712083277e-001
  6.7600877648073709e-001  5.9422929934369284e-001  2.1613177856650992e-001 -1.4866936174111431e-001 -5.0617945148953758e-001 -4.6706348671968478e-001 -9.0056164335127697e-001 -3.2982171006159389e-001 -3.2229717205974051e-001 -2.1912154442986431e-001
 -2.0062019988204452e-001  9.3392823445413220e-001  1.8639778043136124e-001  7.3812541701763837e-002  2.2719864701336706e-001  7.4429488141722389e-001  1.9273642369356683e-001  6.1757303046795320e-001  2.3955193621675808e-002  7.3878434004659987e-001
 -5.3025608169886396e-001  3.7761766267985253e-001 -6.5069297184469710e-001  1.2676723415137578e-001  1.7014350849835932e-001  1.6051882591152766e-001 -5.5665933769660081e-001  3.7580810661663067e-001 -5.3050123725602860e-001 -6.6830155389065349e-001
  1.9884060595278968e-001  4.4093658166061631e-002 -8.3053780370201735e-001 -3.7156407004788811e-001 -4.7017786290766478e-001 -6.6485390664988681e-002  3.5346808225231389e-002  6.8874234669497214e-002  6.2629048586455394e-001  4.1097162142038834e-001
  1.8206808214347092e-001 -3.8037248913712957e-001  4.8567703934783413e-001  4.2124489827272243e-001 -4.9664026510278786e-001  9.0436104977806664e-001 -1.7852940836537071e-001  3.3122948607630431e-001  3.8835208700267904e-001 -3.7385584115377224e-001
  6.3171295931334237e-001 -2.4137762078006406e-001  2.8315887189403410e-001 -1.0159599421890235e+000  3.4013203940377174e-001  6.9895195029722612e-001  8.2607840698012053e-002  7.5391934591714671e-002 -1.2283868587417027e-001  6.8253402676450892e-001
 -1.0460356870848109e+000  6.2054358844805479e-001 -3.1165829133571843e-001 -5.8414633341797706e-001  1.0799563056274588e+000 -2.1460357174838607e-001 -9.0560585429421928e-002 -2.1145909774703806e-001 -4.8831575720280046e-001  2.0310319905663060e-001
 -9.3080613868199624e-001 -1.1463094374793013e+000 -4.1577737418266508e-001  7.3342489409286893e-001  5.1587493661153494e-001  6.5370175607369307e-001  9.0631750525675447e-001  6.7213893494545152e-001 -5.4480961856844301e-001  6.2000464819423318e-001
  9.1394162648185351e-001 -3.1348004916825450e-001 -9.0401218868423028e-001  1.7324928282599150e-001  8.2555908193703254e-001  3.5838672706586649e-001 -4.0353093650876409e-001 -1.0339469152127306e-001 -2.1250296512128081e-001  2.9426008180425067e-002
 -7.2496791822049336e-002 -2.3425728528548986e-002 -1.9441971339646047e-001  1.4396536316183288e+000 -1.0595440115008177e-001  3.6456568788195770e-001 -1.4983102647465191e-001 -1.2057638069043670e+000  5.3629125116003998e-002  5.2906553573065618e-001
  6.5498665205107165e-002  1.9978589638646888e-001  4.6974280559371751e-001  1.1161593257962343e-001  8.1772175837588656e-001 -6.0655625906211819e-001  1.3248631837241887e+000 -2.1512182443039349e-001  5.6821158448774844e-001  8.6137574806719297e-002
  5.8229051487023520e-001 -1.0490635059155848e+000 -2.8589351577654049e-001 -6.3214583735707375e-001  2.1038487664363265e-001 -5.7066767262047602e-001  4.1993756457151299e-001 -1.0966768296043572e+000  3.0845631503272714e-001 -1.4802001326565195e-001
  2.1793561320340510e-001 -3.4836823946491730e-001  5.6052051510339040e-001 -1.3850889350484144e-001  2.2238047933645824e-002  4.8158988770192068e-001 -5.7728820589511898e-002 -1.2662546288575877e-001 -1.5077051278688769e+000 -5.1692040813276730e-001
  2.8580256097129525e-001  9.8470668084760682e-001 -9.0495402371056421e-001  8.8802808213773718e-002 -5.1056640318189195e-001  2.6128276613297197e-001  3.3755675017127285e-001 -6.7459455787336664e-001 -3.6790544719113505e-001 -3.7907832095864913e-001
  4.1731746400087566e-001  1.1413804484165608e+000  1.2971503770370332e-001 -4.7566816927028915e-001 -8.4090762071051373e-001 -1.3541369607923071e+000 -6.0192745727768143e-002 -5.3447376577980044e-002 -4.3885497808174251e-001  1.0364910374083554e+000
  5.0212576167945067e-001 -2.6143048733663882e-001 -5.9684209697690804e-001 -1.0112686171365530e-001  1.7328961992622588e-001  6.4176005662174920e-003  2.9240283420221880e-002 -1.6075456084492984e-002  1.0676333751892855e+000 -6.8644058222717097e-001
 -1.1207569575233506e-001 -5.4800830899528835e-002 -2.7428214829065151e-001 -2.1273448768306571e-002 -4.0358239686372432e-001 -5.4260605687522467e-001  6.6486801262914763e-001  5.0086156534435777e-001  5.6481107945372167e-001  6.1773583245876096e-001
  6.0663675736047173e-001 -4.1086672201305541e-001  4.6191155013530638e-001  1.1886435001828002e-001 -3.9767745843035285e-001  4.5582253838302578e-001  6.4604217104993067e-001  1.1973247748734572e-001  1.2124306728873352e-002 -1.3040741644859213e-001
 -7.3041745312076378e-001 -9.6589876116547291e-002  4.2198857439925774e-001  2.9326356479044774e-001  8.5069327158904084e-001  5.7965670443842099e-001 -4.5548407780400685e-001  6.3838416562059774e-001  1.8912147446174105e-001 -2.4547822461121610e-001
 -4.5779506376111345e-001  9.0870373785459768e-001 -3.7480799918419289e-001 -3.2365248620940906e-001 -7.1447135949338758e-001  6.5152522998012885e-001  4.6066816699588936e-001 -3.2913650281957779e-001 -2.0312182549614397e-001 -1.2864676336150116e-001
 -1.8637299673141350e-001  2.8018016391931333e-001  3.4841897199847777e-001  2.0857552571680038e-003  8.1239887565191704e-001 -2.1012971855144028e-001  5.2104708291224677e-001 -3.4461617861079108e-001  1.2527340628963707e-001  2.1478235849866198e-001
 -2.4388927866219920e-001 -3.7520913112944931e-001 -3.7779309600607791e-001  7.6899645631733837e-001  1.5306633031038658e-001  6.1262753755670762e-001  2.7365463046457629e-002 -4.9528690508945850e-001 -4.4662443370235544e-001  1.7598844761000601e-001
 -2.2450626335987439e-001 -2.3011663708040075e-001  2.7680770164137602e-001 -3.4729246925100382e-001 -2.5998760478873478e-001  3.5952810009221969e-001 -5.4610650739206068e-001 -5.0139933239064283e-001  3.8252855613820436e-001  5.4198520576663578e-001
  2.2373878962814764e-001  3.8617916078868519e-001 -4.0006108722825606e-001 -2.7439065567926491e-001  4.2480970217165648e-001  7.2220372196495830e-001 -1.0968297477901104e-001  2.8963626069923476e-001 -5.3240983202700554e-001  6.0922311771773008e-001
 -4.8959175991318127e-001 -8.2956164684746558e-001  7.0807246260092410e-002 -6.0967768303700909e-001  3.7565631415004103e-001 -9.9809854937952566e-002  2.5900965767637729e-001  1.4293355941050176e-001 -1.0358842035522536e-001 -4.7206693382000764e-001
 -3.0610673540897271e-001 -6.4715192815237232e-001  2.7964740939188060e-001  5.0790831961073279e-001  1.0177950371095377e+000 -6.4893233313860654e-001 -4.6027527817272063e-001  9.6962111766299874e-001 -1.7744886271633883e-001  3.2195411972765786e-001
 -1.5284278649902946e-001  1.1680693215259601e+000 -5.3559084800940016e-001 -2.3362344376132632e-001 -4.5442714576925269e-001  2.1998551711310499e-001 -7.8979994740754855e-001  5.6960523175213862e-001 -1.1487731810318005e+000  5.5638144395486644e-001
 -3.6261010421623047e-001  5.9075051616492388e-002 -7.9695735862280470e-001 -8.5941164439211137e-001 -5.6075363357280406e-001 -8.3162460544220396e-001  2.0952983571625045e-001  7.7121653919445821e-001 -2.6660135872770019e-001 -1.7406003881387513e-001
  5.5925917849087459e-001 -5.7148082982635973e-001  1.8396475648300747e-001 -5.3909950666509687e-001  1.5712103617099679e-001  7.2523302837782055e-001  4.7691092390097434e-001 -4.9862643251989291e-001 -1.0281163104365019e+000 -3.4318098524265928e-001
  4.8973155597668289e-001  7.8216244922727962e-001 -8.6750725737035433e-002 -3.3752202165839890e-001  9.5324256009161545e-001  2.3605304850042230e-001 -9.9791318788665900e-002 -6.7137639767835200e-001  2.4784726762645731e-002  1.2545355966382687e+000
  7.6069569235486145e-001 -5.6996454266745378e-001  6.4191646496205212e-001 -4.2877307860678537e-001 -1.0215303247306085e+000  2.2877976699597319e-002 -1.1695355388444828e+000 -3.4051867181536266e-001  1.5273018979002037e-001  9.5847373097493949e-001
 -1.3876320149759345e+000  2.7378273455316549e-001  7.4018256752641642e-001 -2.1537573630942528e-001 -1.2410123632038278e-001 -2.2781695261725451e-001  3.5951720705173262e-001 -8.1082916410722083e-001 -5.5723766472574043e-001  5.8212311253122206e-001
  6.0196736803924544e-001  7.4482466935627700e-001  1.3419845707835647e+000 -4.5729194142272966e-001  3.8311134263050889e-001 -2.2168022894384243e-002  1.3921367495938974e-001  7.7082051601536938e-001  2.3678472457009764e-001 -1.0179526750124286e+000
  2.3537552157489053e-002  4.1001120658969570e-001  2.2661210966629017e-001 -2.0922292926122593e-001 -2.5806071538021436e-001  5.3375202443299341e-001  9.7506094545843824e-001  5.2400789350337179e-002  5.9553946324944418e-001  1.1655592528052485e+000
  6.7670042405652908e-001  4.0311508223699244e-001  1.0144068609133178e-001  6.8457560505478077e-001 -4.7459097487680718e-001 -1.2438927387353149e+000  9.0079815329292645e-001  5.2537749971696324e-001  2.1175328686421097e-001 -4.7550932056438622e-001
 -1.1917697712472619e-001  4.0381233216317571e-002  8.8900735345548743e-001 -1.1712976816454752e+000 -5.4823667048116642e-002  1.4683296448071326e-001 -7.9097467946471545e-002 -4.3398446556164577e-001 -1.1342422822152673e-001  8.2672050588134094e-001
  4.0584283410744237e-001 -2.2677596012411544e-001  6.3393069590034934e-002  3.2655051080500980e-001  7.4886161811344854e-001 -1.1188329988371780e-001  6.8392881471647204e-001 -2.8190938512955444e-001 -4.2587125026222716e-001 -2.7190932517903423e-002
  4.4692430460120669e-001  2.5213221891735410e-001 -1.2229219118574858e-002 -3.4996835891764810e-001 -4.1079380155111755e-001  3.1479893380968127e-001  7.9381086871373474e-001  6.0193889141165491e-001  3.9393986610163245e-002  1.1809550763687258e-001
  1.1542499036518489e-001  1.8177738539069369e-001 -2.8002715004718237e-001 -3.4995050962966634e-001 -3.7371044278382004e-001 -7.7748163228843004e-001  4.2398916990014401e-001 -2.4419823768831647e-001 -7.8594780868979464e-001  5.9019141061991715e-002
 -4.7455932582594335e-001  1.0557633765843616e-001  3.6756680713954187e-001  2.9079607240641042e-001  3.0745598596370288e-001 -3.3684330400091073e-001 -3.6968125065546176e-001  6.9718971890143955e-001 -4.3920068054511971e-002  4.3793701616498448e-001
  2.3984808438826541e-001  1.9302973332615447e-001 -5.3163643823511308e-001 -4.9634075179237452e-001  8.3353840137484514e-001 -1.1226584229284124e-001 -5.2631236086881839e-001  2.6397011629412037e-001 -5.5744768358049923e-002  2.2604843413218112e-002
  6.7837488543329205e-001 -2.5019502425513696e-001 -7.8385177651148955e-002  6.3804789297229747e-001 -2.7715219680699127e-001  6.0083970542863008e-001 -3.8365257999534530e-001  3.5075219550040636e-002 -6.8049772143550491e-001  3.4647915893478565e-001
 -3.6619316012008907e-001  1.1427052712566526e+000  8.2943890296068898e-002  1.1234143062108118e-001  1.3288509154409575e-001  2.8630847772129958e-001 -5.2644406360171939e-002 -2.6123918081351016e-001 -4.8059110830568097e-001 -3.7852689013901025e-001
  4.8754529105927050e-002  7.1924082486878171e-001 -1.7703768691963095e-001  3.3174844561242700e-001  3.7628600858624528e-001 -7.6989843592669319e-002 -1.5159182809708083e-001 -3.6617078843393291e-001  9.6872748254590013e-001  9.3209264997920860e-001
  4.1571131598260558e-001  6.3412159042059146e-001  5.8269226002359398e-001  7.2666469569088482e-002  7.5251399591059032e-002 -5.8920623715402265e-001 -3.1835625292429492e-001 -5.1783944550216190e-002  2.7446540745396802e-001 -3.4974619635355120e-001
  1.1712250665928443e+000 -1.9060403363167205e-001  6.3757977029052892e-001  3.2326955755795805e-001 -3.0655428505997945e-001  1.0546083331410513e-001  5.5365346846692676e-001 -3.5506900652425877e-001 -3.7990362594579924e-001  3.6300072229658992e-001
  7.4701994660354237e-002  6.1240866133216075e-002 -2.7435584423020143e-001 -3.6874254219910341e-001  1.0193192502896646e+000  2.7227571712502396e-001  1.1037468474104124e-001  6.9024402811943419e-001 -3.5630665537605749e-001  5.2147781964988249e-001
 -4.4843804951369781e-001 -1.0765272291752501e+000  4.1374183111741847e-001  3.5095922006625424e-001  6.2301265786423843e-001 -2.6597090191670580e-001  1.4819062249410350e-001  2.7976536139387775e-001 -4.8543008243411878e-001 -2.3991360287122568e-001
 -9.3829883393032854e-001 -1.8572921513101737e-001 -4.7381561221617263e-001 -2.9419523328051655e-001  2.2434936757761298e-001  4.7303555435345823e-001  4.5245622498225530e-001 -1.1052264371710034e+000 -5.2673415343054153e-001 -2.1139155347610672e-001
 -6.5240889951455683e-001 -7.1921505154941334e-001  1.2177160461703900e+000 -9.0093681443292817e-001  6.2886680621411506e-002  3.0243233622549415e-001 -8.2985385922159605e-001  6.7807104576732979e-001 -3.6714141205990397e-001  1.5185673264267441e+000
  7.3293939278987093e-003 -9.8536325456344864e-001 -3.3879762605953695e-001 -2.0342445035906856e-001  2.9946034147777767e-001  8.1526241598193772e-001 -6.6522012065208715e-003 -1.8942565451772850e-001  4.5083613047393545e-001 -4.3937659199134760e-001
  3.8144093339138690e-001 -6.6572999017747714e-001  7.6714936291741531e-001 -1.0306482013178597e+000  4.0109576946758430e-001 -5.4119713036068573e-001  4.1577119253502792e-001 -7.0154290757388083e-001  1.9364775033001125e-001 -5.6197021464511909e-001
  2.6595215205532197e-001  1.0247789667993785e+000  9.2874542047136399e-001  5.0541330449663968e-001 -4.3235071342127762e-001  4.7422637194325762e-001 -2.4353140770336063e-001  1.9937944908079958e-002 -2.4208460596235615e-001 -4.5206727448346334e-001
  4.0131954167779954e-001  3.2214246053387602e-001  1.2821573031715865e+000  3.4575519911096225e-002 -9.3091945919751595e-001 -1.8091279372018129e-001  1.4795983421107726e+000  4.0997592257808618e-001  4.0050436194214661e-001 -8.4976111253079523e-002
 -1.5488981228227444e-001 -2.9727556274649436e-001  4.6522274744281672e-001  3.1547344153398577e-001  6.1410466268333064e-001 -1.4488100171609236e-001  5.2339101804506433e-002 -4.6869312441307037e-001  5.6862948728258811e-001  5.3358678736372367e-001
 -2.3893445117014511e-001 -3.9197192121095670e+000 -4.0955857127716175e+000 -2.0630917374977513e+000  4.0815841947345346e+000 -4.1994960904859306e+000 -7.0707193155198422e-001 -1.6468475559576068e+000 -3.0821704413332580e+000  2.8473625802136540e+000
 -2.1598106923227758e+000 -4.9456360914421884e+000 -9.5040798089072176e-001 -1.7285876311074078e+000  1.6297555462721531e+000  1.7351832387388131e+000 -9.2730858626057711e-001  3.9158511753010687e+000 -1.9355250347653710e-001 -1.8999117842436934e+000
 -6.3678040021887963e+000 -4.6749477955034360e+000 -2.3041201668376980e+000 -4.5887190493293692e+000 -2.0156749943222110e+000 -1.4071199646189941e-001  1.0051100336295109e+000  1.1044471813261012e+000  5.1555965645232931e+000 -3.2733244920047500e+000
  4.3863990780729081e+000  4.3054028462520160e+000 -3.5865931661938699e+000  5.3322871435593655e-001 -2.6738257453160355e+000 -1.3409913042266510e+000  1.9855576747613477e+000 -4.1633974640081721e+000 -2.5417190610840352e+000  1.6493019674867448e+000
 -2.1483572916392180e+000  2.5262355647526891e-001  8.4187236066319038e+000  3.6367574484967395e+000  4.8870333983650873e+000  5.4574065711803961e+000 -1.2928015486460303e+000  4.9517846057947743e+000  5.2103161904562176e+000 -4.5907449775966427e+000
  2.1480820349270657e+000 -2.5693324757337219e+000  3.4332627180366870e+000  8.7397850403352340e-001  3.1885114317058411e-001  5.7220565151345077e+000  1.0302739983618390e+000 -1.0146737146696545e+000 -6.2141851659610223e+000  5.0835146262274655e-001
 -2.4098447933426805e+000 -1.0927398587184725e+000 -3.5101309460372350e+000 -1.5238044224729732e+000 -4.5717663288506039e+000  1.4217150001417878e+000  5.6599199218921603e+000 -4.1242419297524195e+000  1.4990133802205982e-001 -1.5431221702352893e+000
 -1.0582563056287050e-001  1.6789385777101571e+000  3.5855804212732036e+000  2.3196027189890662e+000  2.0805705915963717e+000  4.5737915408371226e+000 -5.2465553295468881e-001  3.6182262027460306e+000 -1.3338950579907469e+000 -2.1260147414554411e+000
 -3.1029634652540348e+000 -2.3148094708518044e-001 -1.3187782179399306e+000 -1.1981631478997339e+000 -2.8363159614297717e-001 -1.5051510159038941e+000  2.0962126856594954e+000  1.4234431593304331e-001  3.0683807692987028e+000 -3.7376388605927477e+000
 -2.4998881078430233e+000  9.4178676566778741e-001  2.3421553028154625e+000 -2.9962427064050862e-001  4.0690303163453434e-001 -8.1562225372407249e-001  1.3571688388121910e+000  9.6460111196379317e-001  7.0411846187439622e+000 -2.4661575902340500e+000
  4.1268198035125305e+000 -6.4093354192884866e-001  4.3452271427030018e+000  3.9466007968212802e+000  4.3501177123856145e+000  2.6305960102772530e+000 -1.8133737305403690e+000  2.4346220381757039e-001 -9.5364763574014173e+000 -6.8139067801624211e+000
 -5.7435326018930963e+000  7.8008947800008244e+000  6.7305138680665300e+000 -3.2573304950090620e-001  3.6817919041075404e+000  1.5128031220000202e+000  2.0034386499715260e+000 -3.7317261306362290e+000  1.0225623014970404e+000  6.5789139354828281e+000
 -1.0198906541323474e+001  6.8516874531501903e+000  8.1925189963383183e+000  8.0438771783559844e+000  7.5517109332281311e+000 -1.2622922006044206e+000  3.4627183759495983e-001 -5.2032138874982090e+000 -6.1189950450466295e+000  8.9318639206093611e+000
 -4.6402175229344937e+000  3.2354832400704048e+000 -2.3056339079883459e-001 -6.7250807845653817e+000 -2.6651666704533121e+000  1.1212429123352761e+000  2.0748137517827634e+000 -4.3354909231963501e-002  9.7118425038362801e+000  7.6854215251673716e+000
 -8.4776123427346972e-001 -2.0952280482717951e+000 -3.5256547204496473e+000 -2.9337702895361026e+000  4.9078956194720746e-002 -1.2453344276612914e+000  2.5099273382981298e+000  2.2797834606426113e+000  2.8191937996707579e+000 -3.7038800046321194e+000
 -3.9652041905186302e+000  1.8786371893952689e+000 -1.2218087847960750e+000 -8.6068038443419628e+000 -1.2684956443289277e+000 -9.3293010926231601e-001 -2.6069468774179021e-002  3.3329651339686950e-001  5.1313512701644042e+000  2.2027094895379118e-001
  6.3037407679803232e+000 -5.8421245282795224e+000 -4.6761151263221246e-001  2.6132359121256497e+000 -2.1899467233545589e+000 -1.0392419179043308e+000 -1.1827990955738601e+000  2.4878400926939386e+000 -2.5239157449413230e+000 -4.4072369458677407e+000
  1.9603012334072786e-001  9.2921151429933957e-001  1.1254559779159112e+000  1.5935266391410985e+000  6.7379735159548748e-001  1.4295519395931449e+000 -2.9767027036984045e-001 -3.6804241220696399e-001 -2.1340203662458448e+000 -3.1510970844340060e+000
  2.6061497962200222e+000  1.5089732199969861e+000  4.6927359025247304e+000 -1.3370691588989747e-001  1.6977325374802237e+000  1.3476668365697357e+000 -2.5414311481121419e+000  1.4424070390528101e+000 -3.2449408999507749e+000  1.2449894016429397e+000
  2.9631045481702079e+000  2.8108405215049519e+000  5.6822515445044806e+000  1.1599269859758445e+001  6.3956468956980075e+000  2.2985261044109038e+000 -7.4076698928810969e-001 -4.2705572920451429e+000 -6.1562141096641518e+000 -2.1720228831209791e+000
 -4.1965115542251903e+000  2.3272386690925373e+000  1.0412727561499633e+001  4.5371285144922204e+000 -6.8198916419681312e+000  1.2701805649386657e+001  1.3952343345529531e+001  9.8453367980610231e+000 -2.3911203407125001e+001  2.0810200691477334e+001
  9.3399690351547413e+000  5.4310765062001032e+001  1.4208925203497280e+001 -1.0562386917420126e+001  8.7068679883530706e+001 -6.4923206499269801e+000 -1.9763558620820213e+001 -2.4777368060535018e+001  7.3094640052541093e+000  2.1476695856200521e+001
 -1.5923081404034432e+001  1.7907775083770044e+001 -4.2125038198869200e+000  5.4017505307359261e+000  3.5057951388915576e+001  7.0415669696550998e+000 -1.2258691509346413e+001  1.4573607883729849e+001  1.6312142281087137e+001  6.5026037375143151e+000
 -9.6538356932874194e+000 -3.5637915102750171e+001 -3.1595134161499313e+001  9.2319772074533226e+000 -7.5017551233723509e+001  1.2553892542648789e+001  1.3274667794534514e+001  1.2819782398167268e+001 -3.3297147736711454e+000 -6.2236267774636325e+000
  1.8353012968506177e+000 -2.9787495652258990e+001 -1.8447607197081922e+001 -3.8641651903423402e-001 -6.1098269872704641e+001  1.5023820274657110e+001  2.3805035708738050e+001 -2.5172673429101144e+000 -1.8595446551828719e+001 -1.0477349270923098e+000
 -8.8878981304271107e+000 -3.0021349663202805e+000  1.4162947540443227e+001  2.8852237589541296e+000  1.5025975950367901e+001  5.4586394841648991e+000  3.7641600154713251e+000  1.1522449607629419e+001  5.5697757236379575e-001 -2.5173944493155864e+000
  1.8938579020097166e+001  1.4397394202871844e+001  9.3894041786750133e+000 -1.1763273597558250e+001  2.5608632142074633e+001 -2.0231408420254322e+001 -1.3988474213417959e+001 -2.2345803535127402e+001  4.1725235501350912e+000 -7.0895437085753148e+000
 -3.9594581870685275e+000  5.9498455571153048e+000 -5.3835091627532705e+000  1.1961224801188646e+000  1.2329541748874475e+000 -5.3193804056609020e+000 -8.2224899786329324e+000  4.7239816153646617e+000  4.5104663378348775e+000 -1.3795889604611711e-001
 -1.7616780689765417e+000 -2.0083458610432043e+001 -1.5388088510755868e+001  1.1044747926073256e+001 -9.6427455571556351e+001  9.3302178312036244e-001  1.8945461731593536e+001  1.8766262390169068e+001 -4.0554176679205462e+001  1.1484548031363577e+001
 -6.4171539853090076e+000  1.8743398587614177e+001 -3.0276482758949449e+001  6.4486536150097642e+000 -1.1888354016823300e+001 -1.0194996931977409e+001 -1.7431990889305009e+001  4.7651710323654317e-001  8.8758189020471683e+000  5.3077064222029211e+000
  6.3555110249939830e+001 -6.2290894401347661e+000  1.7909851572363490e+001 -2.0016765762514641e+001  3.7786968723853583e+001 -7.3557249956783615e+000  4.5893242660920478e+001  4.6920907471609130e+000  5.5139741173447241e+001  1.0082259525065094e+001
  4.4553673805884287e+001 -1.4551019829025311e+001  5.0597038921814374e+001 -2.3939345341155153e+001  4.5485235810775855e+001  4.4480861027563876e+001 -2.5161373584987388e+001 -5.7191176544100799e+001  3.9644987628825653e+001 -7.0534023440821073e+001
 -3.7589269110239751e+000 -1.6835741176034928e+000  3.5512033666616183e+001 -6.2349984005051962e-001  8.7111534978910754e+000  1.0292191227592944e+001 -2.6332371102687443e+001 -3.5642638057918219e+001 -3.5299403007189247e+000 -5.7587546950373650e+001
 -4.1571976953688633e+001  6.2660043668966679e+001 -3.9471176423921023e+001 -3.1228346369871630e+001  4.6687107060680887e+001 -4.6168639368171362e+001 -5.1359292345482306e+000 -2.6875372010573955e+001 -3.6038214584751486e+001 -1.1512432786580185e+000
 -1.0170617538625612e+002  3.7895249502514055e+001 -4.6169239781759565e+001 -2.6864480579594826e+001  2.6731607064790524e+000 -4.7384694446841152e+001 -7.1920250708031958e+001 -4.3805736587268676e+001 -7.0312606806348114e+001 -2.3566001798806081e+001
  7.2651702566798576e+001 -1.7424086353538794e+001  2.0103350239713457e+001  8.3360411954943832e+000  5.9903443693109423e+001 -2.4413958143918570e+001  4.1017037179401768e+001  3.7229610781751099e+001  2.0099236852702788e+001 -3.9675040838416209e+001
 -9.9843464105167907e+000  4.2172281820593849e-001  1.5071825852000133e+001 -7.1186526843925311e+000  3.1158689300793554e+001  1.3469296349573499e+001 -2.0327076488874997e+001 -2.8957952556263404e+001 -1.9281544752662030e+000 -2.5498408555319362e+001
 -1.0909639204617613e+002  1.7539576791062377e+001  8.9350434625717909e+000  1.0038367194649656e+001 -8.5715612522519493e+001  2.3434564910073554e+001 -1.0649588700159767e+002 -6.1812942430507320e+001 -6.9354954636288426e+001 -2.6167642307558435e+001
 -2.2445032318464669e+001  3.3725388882821889e+001 -4.2193627922729775e+001 -4.9223757223883744e+001 -2.5279656887406645e+001  5.2810619838052915e+001 -2.7679144374822343e+001 -6.3612630101324456e+001  1.4077411505659601e+001  3.0329290795227859e+001
  2.5843992670615052e+001 -1.2630987225021427e+001  6.4086182691640573e+001 -1.8017066329392254e+001  1.5984460509410761e+001  4.9342518346390648e+001 -4.3498116523221697e+001 -7.0300321097189027e+001  2.5283017096502199e+001 -9.7566066234218013e+001
