 -4.7031588774694832e-001 -9.2072354237257445e-002 -2.3597448319418235e-002  4.2628875898679384e-002  5.2401317447353712e-002 -3.3180806063083962e-001  1.3222326944469799e-002  5.4147969165458343e-001  3.0894928800615451e-001  5.1602747073863808e-001
 -4.7704279096273000e-001  1.4802789841440706e-001 -2.5015375823092889e-001 -4.4872482591012863e-001  5.7223927822778509e-001  8.8596286177392791e-002  2.2970787523790584e-001 -1.5337148383547133e-001  6.2937220850603937e-002 -2.6651517310780926e-001
  8.0375865413248593e-002  6.3849531046958652e-001  1.7990606402909881e-001 -3.4831921021450218e-001 -3.0670541515186711e-001  2.0931857476904248e-001  1.6920323616557989e-001  5.0082998948969393e-001 -4.4298477155038790e-002 -1.1342728367678660e-001
 -2.1721699212621107e-001  3.4866093757975137e-003 -4.3140236444892024e-002  6.2909610558586382e-001 -7.9111047435440326e-002  2.0004510289388133e-001  6.8203016854022513e-001  7.4656110896313063e-002 -2.8745912440021788e-002 -1.9323565310144977e-001
  1.4929884709652122e-001  1.9428914977250364e-001 -1.8734779983355715e-001 -1.2674490538251376e-001 -4.4546593721792649e-002  3.1342698138760189e-001  3.0782276870142394e-001 -3.8260003352622801e-001  5.7894550495075990e-002  7.3762308678427446e-001
 -3.5478482349671714e-001  2.0541701684035504e-001  2.2935461814912244e-004 -1.0724141347402920e-001 -4.8447386065674075e-001 -5.8102994942802033e-001  1.2539325437958418e-001 -4.0450870048026127e-001 -2.6107429484172767e-001 -2.4688795315858856e-002
 -2.6791560558613747e-001 -4.2319434842881765e-001 -4.4039479871570558e-001 -2.1183630040777440e-001 -3.9187415829863947e-001  3.9491258171627547e-001 -1.1330347466847229e-001  1.9319318182140918e-001 -3.8808195255385108e-001  3.9226168182481865e-003
 -3.3044184042499392e-001 -2.7734840043394449e-001  6.6074333526613582e-001 -1.8657282707466782e-001 -2.3341893814520898e-001  3.3944325963409244e-001  1.3485695256245447e-002 -2.2668878925723387e-001  3.4659356236846695e-001 -3.3045183453140684e-002
 -4.9687711514477095e-002 -9.9697533611397118e-002  4.8681981257070905e-001 -3.4665351520693138e-002  3.4779582548994170e-001 -1.5299383091775556e-002  1.1892791084842019e-001  1.0546671557724800e-001 -7.3701128893537460e-001  2.4443320798537460e-001
 -4.0741597034292237e-001  4.6478208919789710e-001  4.1074747632799278e-003  4.1387185324725212e-001  6.1306829522642825e-002  3.0162523172790939e-001 -5.6180322328531584e-001 -1.3049139057811535e-001 -1.1121445641749632e-001  8.3229962303697169e-002
  1.5462011786650723e-001  2.0245680589006831e-001 -4.9016637258798990e-001 -1.3177124448494312e-001 -3.1643019301442221e-001  4.0068998828031233e-001  5.2237726835921949e-001  1.0684238045107040e-001  1.6339590559892100e-001  3.2527690776622309e-001
 -1.0324562551196616e-001  3.2130704877346278e-001  4.6244290069585581e-001 -6.8531683587019485e-002  4.2194847436356908e-001  5.9565725821430704e-001 -7.5436641920299211e-002 -9.9578042660587410e-002  7.4469521479487398e-003  3.4502475021382711e-001
  2.4480293303850730e-003  3.8346663652414803e-001  4.1310157991473237e-002  1.7405995698786636e-001  1.5612312152804506e-001 -2.0217282635893977e-001  1.0572588262897836e-001 -1.1864134951662053e-001  8.1793335522256183e-001 -2.4784463196384660e-001
 -6.3271111033532416e-003 -1.2183225036428364e-002  6.0268139299159162e-001  8.1412145255018095e-002 -1.2608276045464187e-001 -1.7809198426038134e-001  6.9000275889493956e-001  2.8399639091666462e-001 -1.3566343076968992e-001 -8.4751381778141746e-002
 -3.5591231247614286e-001 -2.6516105205915158e-001  2.4353264234199734e-001  6.1507488685539194e-002 -5.8730642932169275e-001  3.7699111543401270e-001 -2.7592336942870616e-001  2.2178678246402708e-001  3.3977570326379786e-001 -1.1001349466528519e-001
 -7.0865168559760061e-001 -7.9260683987868539e-003 -8.8232408656923472e-002  3.6145178187605619e-002 -9.1476033702053289e-002 -8.9046690834928013e-002  2.6914579882899881e-001 -6.1968623888485619e-001 -1.0582274375650462e-001  6.8646976762102435e-002
  6.6118109170794645e-003  2.4554099180283667e-001  1.8144805573612455e-001 -9.1128661548384948e-002 -3.1968096797210677e-001 -4.8816935441142678e-001 -2.3939459420731338e-001  3.4883769537705278e-002  8.4067854347616239e-002  7.0166857012221107e-001
 -3.9299020688433095e-001  6.1967536058562933e-001 -1.3606632936710564e-001 -3.0677518365271134e-001 -4.1901391970969495e-002 -6.3810267727150136e-002 -1.1860318351741023e-001  4.1387344603701598e-001 -2.4445333476136155e-001 -3.1303870561961500e-001
  3.0394371569789608e-001  3.7461154438749610e-002  2.3519606877023930e-001 -7.3192706486615211e-001 -2.5398772879391085e-001  2.2123065278206771e-002 -4.2577677383275458e-003 -4.2709919256482115e-001  4.0021564304703536e-002 -2.5719193157463777e-001
 -2.9943170848425804e-001 -4.3876355193217115e-001 -8.4287369528648834e-002 -5.4570378579869250e-001  3.9975243013214506e-001 -1.3830128096572153e-001  1.1908715602696927e-001  3.0954314844683234e-001  3.0125443840523519e-001  1.8234038801055816e-001
  6.7409437608566103e-002  3.4960874209138110e-001  2.5288411635665459e-001 -7.4903973276018845e-002  4.9747274500924771e-001  1.2661077430131604e-001 -3.0160666364807537e-001  2.3460450107196928e-001 -6.1771335229587243e-001  1.1217689769105252e-001
 -3.4702749815606709e-001 -6.6048654663449990e-001 -8.6691618131903944e-002  1.1063964410879004e-001  2.2155394557687166e-001 -2.8027658989744875e-001 -3.1511023783587289e-001 -3.1909171258941732e-001 -2.8641248933799462e-001  1.1307367071643608e-001
  2.3752728450732893e-001 -9.3003425950267865e-002 -2.0973946543333769e-001  4.5012400063512881e-001  4.5185134934610244e-001  5.5928403794791670e-001  1.9275951548077300e-003 -2.7037757514765492e-001  1.5864433278748719e-001 -2.7034208415901051e-001
  1.4155644242816853e-001 -2.7789022266991883e-002  5.6846375413825934e-001 -2.4338203689906920e-001  1.4595623654122888e-001  1.0337824080943625e-001 -2.9299965761915553e-001 -3.3837351079559447e-001  4.8139665018337863e-001  3.6431475066957142e-001
  5.4487845973773125e-002  7.4797551960709818e-003  4.5858030005548622e-001  6.6994277790601964e-001  5.6156700372070927e-002 -2.9323559605351723e-001  4.3757268413360134e-001  3.1177316763076113e-002 -5.8248126516156094e-002  2.2995759962071058e-001
 -4.2169149857834942e-001  3.1075474859042723e-001 -1.6392155852109844e-001 -2.8044567360223642e-004  5.4847992885068109e-001 -3.9798338618143647e-001  1.1652912985351126e-003  1.3794265693802094e-001  4.5103508355484362e-001 -1.3059181109372250e-001
  5.2195318088036080e-001  2.3119713923923499e-001 -5.0921556868904505e-001  9.4357297256815728e-002  3.0309789499779569e-002 -3.5955928102498630e-001 -1.4794026969619570e-001 -2.2181526285158637e-001 -1.1275056013415654e-002  4.5220785464763352e-001
 -4.9137008868562276e-001  1.0615861953982444e-001 -2.3262648998846353e-001  1.8067253024263613e-001 -1.1321254141224653e-001  4.4975803980888662e-001 -5.1679224942530297e-004  1.4155006140730078e-001  6.2243684431521597e-002  6.4924402138013659e-001
 -2.0394088847634609e-001  2.4602540472152262e-001 -2.3792754393864107e-002 -3.1473160607344935e-001  1.1540282196724422e-001  5.2347787962381209e-002  5.4213774528819769e-001 -6.4929869110945182e-001 -2.5589360634156888e-001  3.4867894748612620e-002
 -2.4961215426299288e-001  4.5851352455340194e-001  1.0121591062025674e-001  3.6176868465410589e-001 -3.8330727979238932e-001 -5.6971018003043300e-002 -4.6541949499800245e-001 -3.8041177479702332e-001 -5.6381818586011177e-002 -2.6769455851236212e-001
  2.4551340548173831e-001  4.0718396121725575e-001  1.5701256487444740e-001  1.1623690320194700e-001 -2.2443142152107298e-001  6.6659585466812687e-001 -3.0178279801385210e-001 -2.7504162542360461e-002 -4.0722383952735801e-003 -3.8625769969707890e-001
  2.3673422035090816e-001  5.0109664450116220e-001  3.1135778250066976e-001  1.9257154072973917e-001  4.1222317341512726e-001 -4.9797502534669480e-001  5.7105170599419705e-002  2.2289555839960887e-001  1.3483885742847890e-002 -2.9630943041708213e-001
 -1.0130676069440882e-001  2.9333298134730496e-001 -5.1640290180975483e-002 -4.4513039214758909e-002  2.5279784251086207e-001  1.3832287978380164e-001  2.7930946690793534e-001 -5.5510329683788073e-001  6.4514699181717583e-001  1.1677548670903591e-001
  5.2693136465976814e-002 -1.8376007738519728e-001  2.7715661457561203e-001  1.5355755002483722e-004  8.6792496060807398e-002 -6.2253434688706179e-002 -6.8039802915537728e-001  2.1872728189395985e-001  5.2089587404832449e-001  3.0514883863291076e-001
 -7.1411151199433431e-001  2.8473122748799062e-001 -2.7417034741100121e-001 -2.4065558815459523e-001  2.4339849813003672e-001 -2.1155124998184657e-002 -3.9172581842438448e-001  3.9571159971751708e-002 -1.2916052003912537e-001 -2.1095161378064273e-001
 -1.7318466258832407e-001  1.1429838932567619e-001  3.3236120799275826e-001  2.5690077583315618e-001 -4.0103079805637409e-001 -3.5373242663972138e-001 -2.5681390349326738e-001 -6.0640817509133182e-001 -2.2902066186469128e-001  9.1618336524382518e-002
 -2.2176759262366247e-001 -1.0205227215587957e-001 -2.7071105698109288e-001  9.0708613742680644e-001  1.1900521455417148e-001  1.1055682439918110e-001  5.7365127231099530e-003  1.1101468989668571e-001  7.1050056955818605e-002  2.2899770068781678e-002
 -5.9178106970445656e-002  5.8930035176471451e-001 -1.3022421295192196e-001  2.8231665866021278e-003 -3.5411367751067685e-001 -6.2219223366596710e-003  1.1478339170003705e-001  3.4403468375487772e-001 -1.1911831125770810e-002  6.1249044064532598e-001
 -4.9422963363130529e-001 -1.0362464708725523e-001  4.8441475943000611e-001 -3.5004550004523406e-004 -3.5431900404722683e-001  2.1065466657226896e-002  3.4625949148781421e-001  3.0470832282213089e-001  3.0549476626964311e-001 -2.7979574674412172e-001
 -1.8370200622173494e-001 -2.6976630163429566e-002  5.3701680051237677e-001  2.6405975610020362e-002  4.7232793859886324e-001  3.8259990182121950e-001  1.1047451312106139e-001 -2.7418215992373474e-002 -3.8026897193743064e-001  3.8652849916159765e-001
 -4.2345253859228815e-001 -2.9683760615846676e-002 -3.7210742291070222e-002  8.2914885033318475e-001 -2.9864507984786398e-001 -3.8541446215549370e-002  3.0711760887334325e-002 -5.4546823383066677e-002 -1.7705788507189332e-001 -7.0653923506863253e-002
 -5.7619790505585589e-001 -6.4941939035299245e-001  7.0965806400742987e-002 -3.2337281252296979e-001 -1.5553376635611047e-002  3.1322337629723446e-001 -1.5813814422071421e-001  2.5593936651076007e-002 -9.6826041553348272e-002 -5.7057098840523846e-002
 -3.6845496526970661e-001  1.0712696140257542e-001  2.3418441559549791e-001  6.8905482760353950e-002  6.1843566205989919e-001 -6.6304937423434435e-002  5.8555325893886512e-001  8.2004640903643719e-002  2.2036195746702530e-001 -9.0325308357940892e-002
 -8.5355251663434120e-002  2.5618263597869817e-001 -5.1294752426796486e-001 -1.0367233543425224e-001  7.7797710008756854e-003  3.6772305873060274e-001  2.7664787232315829e-001  4.6531565359742399e-001 -4.5641114767283014e-001  1.2875251852556710e-001
  2.2059489615208616e-001 -5.3419074419608603e-001 -4.2734465889913031e-001  1.9763719802124691e-001  6.5753553397987441e-002 -2.7208317507007407e-001  7.5948425657649171e-002  4.5474784911312827e-001  3.9117969960172916e-001  1.8870880252730274e-002
  2.3001612095199525e-001 -2.2299657007572193e-001  4.1516881837697245e-001  1.1704590142444353e-001  3.0355242089638074e-001 -2.8904579798081592e-001 -1.4661135472959808e-001  3.2214962932100888e-001 -6.3961227194186954e-001  3.5064883508962211e-002
 -9.3400116729837210e-002 -1.3693189825095151e-001 -2.6955326307114325e-001 -2.8825772742101685e-001 -2.0999519127120717e-001 -5.9378619424587287e-001  4.1101530931749386e-001 -3.5185493320719169e-001 -3.2446370730052304e-001 -1.4860145921622980e-001
 -3.0767769381999566e-001  1.4175208301733436e-001 -3.6719023404878698e-001  1.5362639348878042e-002  4.3808740262651003e-001 -2.8911748561296685e-001 -4.6080539657297570e-001 -1.9472230320376585e-001 -2.3542804806863743e-002  4.7313207422045583e-001
 -3.6244019080064621e-001  2.9232880378149384e-001  2.5603885183482628e-001 -2.3433535248135928e-001 -3.9497197693338415e-001 -3.9831033871123378e-001 -1.0887191094774536e-001  5.3438906946515585e-001  1.8475314693595349e-001  1.2845054750254004e-001
  9.6528649929753713e-002 -2.0218865493375085e-001  2.1815036858885861e-001  3.8006562763641678e-002 -1.9888941283373557e-001  9.1598375753396744e-002  3.6640292995239809e-001 -1.2353072070239088e-001  1.7736766249736590e-002  8.3844802196695500e-001
  3.0134730981827973e-001  1.3256712987931557e-001 -2.0170864251898648e-002 -1.0573264992713535e-001 -8.3081306697918855e-001  1.4198201799301316e-001  3.3996965211534086e-001 -8.4302722189616833e-002 -1.7927985675039884e-001 -1.2162512838382156e-001
 -1.5425283912296231e-001  2.7955106732843588e-001  2.4709001077660575e-001  2.2263887357088227e-001 -1.7524810112083231e-001  2.7095498012446262e-001  1.2781479353263342e-001  2.6047575973580994e-001  6.5307647547918368e-001  4.1546852714349819e-001
  4.8497518978954608e-002 -2.0134299034610820e-001 -2.4553689024535794e-001 -1.6460551256203404e-001  1.5779315653543646e-001 -1.0880867830679397e-001  5.0683423845142217e-001 -6.3487193951480758e-001  3.1621859988494905e-001  2.7027784808746536e-001
  2.1740354703513678e-001  1.9055923175333539e-001 -1.5530330495632283e-001  1.5071726914689917e-001  1.3633317387240595e-001 -6.1075503527896591e-001  4.6497272848782190e-001  4.6228090833768976e-001  1.1176621086758823e-001 -1.8863895520624052e-001
  2.7546865707252216e-001  3.2339086712791720e-001  2.6271784594455827e-001  2.2059983274155326e-001 -1.3368407246523342e-001 -5.3278950536734937e-001 -3.9011691404420501e-001 -3.7691321086546464e-001 -4.1412590010581396e-002  3.2271434307358909e-001
  2.5544474578884396e-001  1.6512058517042424e-001  5.9283494621612076e-001 -6.4042565131191542e-001  2.7082227466426045e-001  5.8057207957298615e-002  1.8668566533085976e-001  1.0003845236877253e-001 -1.1270744510999263e-001  1.0773738563182098e-001
  6.2710082228290176e-001  1.3644919051283780e-001 -4.5905258263890480e-001  6.7346295762621550e-002  2.2331288852276371e-001  3.5231380182671501e-001 -1.0946543522005149e-001  1.6759219819699667e-001 -1.3071746592077632e-001  3.7644499794918873e-001
  1.1578532193620134e-001  4.6751254834066525e-001 -2.3238345080819089e-001 -3.0244315644364089e-001  5.3065488990405252e-002  7.4378128009605984e-002 -2.8295867110919848e-001 -1.8830822756525215e-001  4.6834675903316508e-001 -5.2851632747674626e-001
  5.2293420344049668e-001 -6.2986452509821977e-001  2.7552813212110083e-001  1.3226817568557972e-001 -5.4292042718284965e-002  8.9264652134974406e-004 -1.5959264075368132e-001  5.1637981495787036e-002  3.8818319329008694e-001 -2.3372841208675338e-001
  1.2051010947237638e-001  2.4832074268894933e-001  3.0497729152856162e-001  5.6314324193223064e-001  2.9783213787757590e-001  3.2352781888409582e-001  3.0073673600145701e-001 -2.9999089444377991e-001 -1.6529989834610689e-001 -3.3546572629029170e-001
  1.6738740727824683e-001 -1.7737165465256846e-002  3.3462132647586240e-001 -4.3905233920894668e-002  1.1000350182209916e-001 -2.2579535023193481e-001  2.7108028872581080e-001  7.6510435659917020e-001 -3.0048952524955491e-001 -2.1335482732041056e-001
  5.4000640404271072e-001 -2.1258356670655992e-001  9.2105837731584969e-002 -8.2976649361959198e-002  5.4005595831386657e-002  3.5507734888069026e-001 -4.3813154916884067e-001  1.7199453805987747e-001  4.4619331848472282e-001 -3.1337887619691041e-001
  4.3821713483735751e-002 -4.7355014849927163e-001  1.0601217324974892e-001 -2.1017644788368883e-001  7.4220107265980865e-005  5.6731890298725984e-001  2.5110646773798501e-001 -2.3115224634533243e-001 -5.2094103385888946e-001 -9.3279531934529744e-002
 -5.6772066327472681e-001  2.0409886183991124e-001 -1.9228046014166406e-001 -1.8699648573379107e-002 -2.1947143823288337e-001  3.8332830974874288e-001  1.3418646872093262e-001  2.4105677910908979e-001  2.0587924299840085e-001 -5.3395365321610433e-001
  3.4157920189033658e-001  1.0566413330823057e-001  2.5206607909430578e-001  1.3069036995123395e-001 -3.7922133906762889e-001  2.4692860242887934e-004  6.7528142401888669e-001 -2.2995688099151293e-001  3.6868173889152389e-001 -5.4047945657892622e-002
 -2.0789137617384496e-001 -4.8323999906957266e-002  3.3483388445561396e-001  2.3121361235544283e-001  7.6559994149711685e-001 -3.3950567254295697e-002  1.5388901714855591e-001 -2.5861729548945039e-001  2.0095056351140769e-001 -2.6576441915613397e-001
  8.7071953639212843e-002  6.7720473558940553e-001  3.0726118798119395e-001  7.3552515037015875e-002  1.2645081878900255e-001  5.2375595429982347e-001 -8.2032191033620735e-002  7.2013867046892305e-002 -1.3672535698421409e-001  3.3626418332113822e-001
  2.4849417891703665e-001  3.9350717220499126e-002 -3.2436354887154434e-001  8.1725806025858583e-001 -3.2103412374286287e-002  6.1269540507683726e-002 -4.1760700254317371e-002 -1.7718049257782472e-002 -3.1266628347126124e-001 -2.4285188767919741e-001
 -2.2440028507387544e-001 -4.3941242156454152e-001 -2.0415432208215584e-002  3.6230389739034879e-001  3.0247505285117240e-002  2.5441638962628993e-001  1.3683336102744018e-001  3.6780580351323472e-001  3.1055740102828649e-001  5.5568637187633430e-001
 -2.7670543893615174e-001 -1.4781544056376622e-001  6.7501536911084836e-001  2.6746749160723210e-001 -4.3465786871750944e-001 -1.0094824329507536e-001 -3.8289988220696025e-001 -1.1379526611160029e-001 -8.7432621692697998e-002 -8.9866187242975140e-002
 -2.8512253413751137e-001 -4.2833697398683229e-001  1.9214225603995154e-002 -9.3024949909427557e-002 -9.2554733656165775e-002 -5.6355068070451730e-001 -3.1788941867306614e-001 -2.6879612183032271e-002 -5.4044235947747921e-001  7.8739196426628452e-002
  5.2633116689475146e-001 -2.2763744203024611e-001 -3.0822688265313641e-001 -2.9291059427425858e-001  2.5195958168378008e-001  1.7623304710972836e-002 -3.0423438755260940e-001 -5.6216751377949747e-001  1.0050876386417319e-001  8.8708347463628753e-002
  4.8661851325975536e-001 -4.7216277911661830e-001  3.0643019993716780e-001  2.7300161119360661e-001  1.2768033686713257e-001 -3.5736281662824682e-001  3.3635428618084218e-001  2.4748545980459688e-001  2.2777550518296008e-001  3.9496770534456514e-002
 -3.1377050165521361e-003 -3.1689043101475488e-002 -1.3650078580536495e-001 -1.4879232069974105e-001 -4.4265341095288752e-001 -3.1812006821521271e-002 -1.4198506768912014e-001  2.2032927858080709e-001  3.3974879054507806e-001  7.5968829331518639e-001
  3.5449686698254090e-001  2.3329752800406281e-001  5.4057993009673656e-002 -3.5284310626364890e-001 -2.2498278332019983e-001 -2.2166089807701232e-003  5.4065922751854101e-001 -7.1050703323748174e-002 -5.5515126269090387e-001  1.9054662716462314e-001
  1.4806731391529415e-001  4.2260585268459089e-001  4.9940432500247417e-001 -3.6995311037527634e-001  3.8595805165242442e-001 -2.0332406952660037e-001 -3.7254023878510739e-001  2.7440094346416372e-001  3.2610193799520355e-002  8.8094002106827912e-002
 -2.5655349776224435e-003  5.2237752692474204e-001 -3.2361408691550492e-001  2.9950715740336525e-001  4.8298478227756993e-002 -6.6186784353269679e-001  1.2817639471801373e-001 -2.2715619434144330e-001  1.4878104216222374e-001  4.6019715438670596e-002
  4.4788373895825112e-001  1.0942897072030695e-001 -2.7299318182644994e-001  3.1655222093031260e-002 -4.5655136068510294e-001 -5.7722701903742582e-002 -3.5148862723650914e-001  4.0634391572699968e-001 -7.9256078756699655e-002 -4.5297451598412297e-001
 -2.3553044534575954e-001 -1.4948375248302959e-001 -2.7585152054728385e-001 -6.6433779423966710e-001  6.0875454673608102e-002 -2.3059183275907619e-001  3.1713533676255296e-001  1.9709883837394473e-001  3.3591439194113576e-001 -3.0919505797052838e-001
 -3.4644569763000427e-002  2.3343745297503583e-002  5.3331295501216669e-001 -1.2436177568601176e-001 -5.4922408948874990e-001 -1.3213904178909766e-001 -3.8038069999130911e-002 -4.8738463486656736e-001  2.8283735712210878e-001 -2.4550109899764608e-001
 -3.8058223686619563e-001  2.7679773350908216e-001  2.7116745268914617e-002  5.2230766157830244e-001  3.9512569554916382e-001 -2.3897177985595772e-001 -1.6543096641560323e-001  3.5683119205673097e-001  2.9636016469363219e-001  2.2190648063313639e-001
 -5.6432004926607438e-001 -3.2008978561524272e-002 -4.0476111834735767e-001  1.4486406854965869e-001 -3.9790817119377775e-001 -1.5158384173112052e-001  2.5757666446364602e-001 -3.6135758353585756e-001  2.4979839976064519e-001 -2.3466633855414396e-001
  5.7338965874305668e-002 -3.2524558319757174e-001 -2.8047868624468691e-001 -2.1059400402906836e-001 -3.8235250803401330e-002  3.7974912276854678e-001  2.4957611849243821e-001  4.3835002537520740e-001  5.4728616647682093e-001  2.6129860944869970e-001
 -3.2349249986235734e-001 -9.9709044982022571e-002  6.9917808596552400e-001 -2.6442326350741574e-001 -1.5470200787734917e-001 -1.9952903195972280e-001  3.0010910912584143e-001 -8.8688726351434238e-002  1.0580444727362845e-001  3.9213614503403998e-001
 -1.6782510448624982e-001  2.1200269402568067e-001  2.8514363707868373e-001 -1.8771023575789333e-001  7.3444196501663200e-002  1.0141330239809242e-001  2.4188949683510072e-001  4.2218303931855033e-001  5.9280669167662212e-002 -7.4458418775036717e-001
 -2.3205162727393835e-001 -7.0745331939991196e-001 -4.0657013867667298e-002 -7.8175332905241229e-002  5.9516636388842337e-001 -1.4308442378967326e-001 -1.2480282460361242e-004 -1.2075376633768647e-001 -1.2156867838374816e-001 -1.8395891780024981e-001
 -2.7536920377226964e-001 -3.5653898385191785e-001  2.4322682552464736e-001  4.1880390188106659e-001 -3.6787650469182320e-001  4.8642915129607528e-001 -2.9044876256671898e-001  1.8827496504643920e-001 -2.6421120900977796e-001 -3.0558250620531330e-002
  3.5262885360071677e-001 -3.5871341056525785e-001  8.9702695657598266e-002  1.6047479953843630e-001 -3.7251572422456569e-001 -6.2679747342059566e-001 -1.6073161718358434e-001  2.7334398143085215e-001  2.1167007812031491e-001 -1.9021041347510112e-001
 -1.9267252112625557e-001  1.4250788626542084e-002 -3.2638563286749261e-001 -1.3282297634383605e-001 -1.2502987627240111e-001 -2.6442852362126618e-001  2.7735724442028215e-001  4.7978107285546678e-001 -6.3057324807892112e-001  2.1956829479334217e-001
 -3.3083781209551283e-001  7.2097660633557464e-002 -1.0593158037059515e-001 -5.7602281520549703e-001 -1.0392073039230812e-001 -7.5663401087650198e-002 -7.1295190528270558e-001  9.4347755549232609e-002  9.2342491564854537e-002  8.4239907822972748e-003
 -2.1906354230810970e-001 -1.0000062264387033e-001 -3.7979027330808585e-001  7.9488425769522530e-002 -5.1447544845756688e-001  1.5306315119133329e-002 -3.2567465109513782e-001 -3.0555927115039083e-001 -3.4186266664812026e-001 -4.5851082716083474e-001
 -2.7253911575183953e-001 -3.1267721734435422e-001 -3.7890066256004057e-001  1.9755759728905697e-001  1.1785004204959182e-001 -1.5448403224775631e-001 -3.0066667160463872e-001 -1.7731822249801860e-001  6.4740046570356136e-001  2.5814174543545043e-001
  4.6891574764025633e-002 -8.8309841114656984e-001 -6.2715817573839872e-002 -1.7011308906153022e-001 -1.8116124716922928e-002  7.6505449053435592e-002  3.7232371206756443e-001  1.1546437220609972e-001 -1.6406044989391375e-001 -3.5444120531551823e-003
 -5.3445531207998498e-001  6.0156660422328957e-002  5.6228166986158158e-002 -6.9301939857543116e-001  2.3238844062824582e-001 -3.8047534781690895e-001 -2.7378864569523150e-002 -1.1174738797189451e-001 -1.2307672225966729e-001 -1.2262295542702873e-002
 -1.2134658190518345e-001 -2.8339646980228828e-001  8.1144522756496629e-001  2.3073675215703190e-001 -9.4930127230377609e-002 -1.3028287719461956e-001 -3.2032098822908556e-001 -2.5390902178439539e-001 -1.4530108946304470e-002 -2.6141488005894517e-003
 -7.2506107843545364e-001  6.5890439044149346e-002  6.1798320611850158e-002  3.9029505123094743e-001  1.7004390686880194e-001  3.6368601075562312e-001  2.7167744103843666e-001  2.3672153683211331e-001 -5.3201602305372041e-002 -1.4119861895577579e-001
 -3.7342960126972219e-002  9.3939071344502786e-002  1.1682843105129240e-001  4.3917266113579906e-002 -4.2943409082660383e-001 -4.3874469358767776e-001  5.2085665455873986e-001  3.2777277892312058e-002  4.4900226571498864e-001 -3.5117483104904756e-001
 -2.0552455689565860e-002 -8.2891735306264827e-002 -3.7310280933035400e-002  1.2753231125281747e-001 -5.3730678177601070e-002 -4.2105665124812669e-001 -3.6383327272950194e-001  8.0201427722756247e-001 -1.2816919732879176e-001 -5.3342530899171209e-002
 -1.4977209488972676e-001  3.1391088315367820e-002  1.4001505023498592e-001 -4.0867878031910565e-001 -5.7477076273063799e-001  4.6708794479723992e-001 -1.5658937270485068e-001  2.6732820728816065e-001  2.6662010307225448e-001  2.7268461655944748e-001
 -1.5876130985424722e-001  8.6111017153795225e-002 -9.0505316140179384e-002  2.3378836172769105e-001 -3.3392377282887564e-001 -2.9679610184551519e-001  2.4404983378570319e-001 -1.1445427575345440e-001 -3.6025081776487544e-001  7.0887076568923924e-001
