  4.9144806626908444e-001  2.2845174549100000e+000 -2.8310759305101088e+000 -1.6050242649551540e+000 -2.3570481008527242e+000  7.5507740613742080e-001  1.2757194773545590e+000 -1.9953097153826875e+000  2.1261483691843415e+000 -1.2210841005434765e+000
 -2.4664502547462956e+000 -2.0106114695191721e-001 -8.0013319521550241e-001  3.2482102824225140e-001  5.1922378787511114e-001  1.7909798457487238e+000 -1.8319489820423807e-001 -1.3139286746963477e+000  2.4857930739794143e-002 -5.6765169968412343e-001
 -8.7031171170397059e-001 -1.4966377769243524e+000  2.0453499431132807e+000 -1.3837448708265065e+000  1.8035029871899166e+000 -8.1364940126571239e-001 -1.4966769312207573e+000  6.6458822248186833e-001 -1.6352898926838171e+000 -1.0559029327362497e+000
 -7.2896542978994161e-001 -2.4137581022878246e-001 -1.3244265782841507e+000  4.5764958188243693e-001 -8.6534057625061012e-001 -1.6955337950164819e+000 -1.5316059472863133e+000  1.9265381547641731e+000 -1.8336893764755264e+000  2.3114216671298884e+000
  6.0486336516690575e-001  1.1305182603815320e+000 -8.7341944036140506e-001 -3.6722641211885937e-001  1.0548910654216628e+000  1.3464581522421193e-001 -1.6276966989604074e+000  1.5857951885340221e-001  1.7105181368245643e+000 -1.8428230257800531e+000
  1.2668518957096878e-001  1.7364254650072848e+000  1.9140527123363849e+000  7.0555037489892602e-001  3.1229567389715918e+000  4.5132501401352693e-001  1.9258735352144856e+000  5.9908018228273496e-001 -2.3101589711172243e+000 -1.4053235494873402e+000
 -5.9752742674155646e-002 -1.3250102454932478e-001  2.3595604343336611e+000  2.5609002758228576e+000  2.6049640230291500e+000  1.3851913409981303e-001 -8.0242523533013876e-001 -1.8783178358560730e+000 -2.8367880349117276e+000 -3.2988311344952342e-001
  2.2393190712191928e+000  3.9960881825404622e+000 -4.9598817766118281e-001 -1.3574145266755402e+000  1.8025702723820762e+000  1.3956264832850271e+000  2.3640491327597279e-001 -1.6719407737635996e+000  3.1561628989457033e+000 -1.3731189239818982e+000
  1.0182110012718975e+000 -2.3006985460267750e+000 -1.4700522419233006e+000  9.1305533878160805e-001  1.8751232301753549e+000 -1.7389417666717781e+000  6.5021542326760606e-001  1.7500721180657084e+000 -2.8206107263262514e+000 -1.9933723901834834e+000
 -4.0662291638726522e+000  1.9953643493452398e+000  2.4692410188296638e+000  1.7265065901631378e+000  1.3936064961153150e+000 -2.8583271625469981e+000  8.9393788944470554e-001 -2.8940505367766645e+000  2.5259705971204633e+000  1.4354392285821513e+000
 -2.1984824122707023e+000 -5.5737149009921005e-001  9.6597462098164844e-001 -5.9009240312430933e-003  1.7938956974205622e-001 -8.3790189435703226e+000  9.7359969947708835e-001  2.1265609514540134e+000 -9.5337936415497282e-001 -4.2786370410996861e+000
 -2.4783274246798945e+000  1.6777800313497477e+000  4.1926500663196489e+000 -5.2833208249047048e-001 -4.9186999971331522e+000  3.9967536731651903e+000 -1.1099430301727469e+000  4.7757554458549363e+000  2.0189288509176397e+000  4.7062916392410896e+000
  1.3713644885783631e+000 -6.3599863735801918e+000 -4.5837185323735472e+000  3.1190350279403836e+000 -3.6646118112774042e+000 -5.3157622607642079e+000  2.8974766104303357e-001 -5.7878330457066296e-001 -6.1453500687382263e+000 -3.2345474804106740e+000
  2.2272585112835288e+000  4.2942068782713907e+000 -1.7879193450737927e+000 -2.3061281018897626e+000  6.3171446296028622e+000 -2.1282415982935481e+000 -5.3882785393851285e-001  3.7263637812820272e-002 -9.9924393793584843e-001  1.5231499729712366e+000
  5.5050652053931461e+000  1.9392974451457192e+000 -2.2338337275569131e+000  5.2597743076084802e+000  4.8748297823124842e+000  1.7040405831549950e+000  1.3572373247226186e+000 -6.8540566382306061e+000  2.6712839412998699e+000  1.5338060413315280e-001
  6.9797659188765759e-001  5.3206090031231801e+000  2.0353717462395102e+000  3.3296307292135392e+000  8.4826928211927140e+000 -1.5829948628957156e+000 -5.1405989718247347e-001 -1.5084213010672491e+000 -1.6674618443109166e+000  2.6810353245980028e+000
  1.6447506880136695e+000 -3.0179979419078555e+000 -1.2865966430592179e-001  6.8927991693474244e-001 -1.3239449868851205e+000 -1.8885030381956611e+000  7.4219056854512266e-001  1.2631385892170663e+000 -3.7821803723477596e+000 -8.2399123959560705e-001
  3.6958336895986638e-001 -1.8336541869483822e+000  1.7754326073338084e-001  4.8799508224536092e+000 -4.2569354903037180e+000  4.0508910128004398e+000  2.4189263853818881e+000 -4.7512827320716322e-001 -2.3507188505543466e+000  1.5994017066464687e+000
  1.1459622949272306e+000  3.0540949520093017e+000 -1.5168184380035843e+000  2.0378017358010205e+000  6.7443097987460754e-001 -5.9558102818815852e+000 -1.4291986442985958e+000  1.3952587426724168e+000 -6.0078381998775958e+000 -3.2437969060044719e-001
 -1.7496263547387310e+000  4.8694003319616748e+000  6.6119903242749842e+000  4.0355238562534606e+000 -6.1689492843729870e+000  2.8027060241361261e+000 -2.0832564540780534e+000  5.9944433437570066e-001 -9.5792764814620082e+000  7.1844547061834296e+000
  2.1330241425628671e+001 -2.1823165161603955e+000 -6.8601451341333908e+000  1.2386318284256506e+001 -2.6709715331404773e+000 -1.0186946865675484e+001 -5.8858513739089757e-001  3.1345791954402338e+000  1.3270591994474808e+001 -2.6601716972782832e+000
  3.7625050005690874e+000  5.3138432505367819e+000  1.0636518354750385e-001 -3.1103295641356254e-001 -4.0280480441663737e+000 -3.6340271363980547e+000  9.2861713708985016e-001 -4.9990111294916284e-001  1.0191610863191782e+000 -1.2663584382342691e-001
  6.1210521488988494e+000 -5.5209312170853408e+000 -1.5570301325544282e+000  4.3184158253237817e+000 -4.0361709865741480e+000 -4.0269437484410480e+000  9.7809007498900924e-001 -1.2421083206403913e+000  7.3426185244777900e+000 -1.7805290723175130e-001
  3.3068572174353901e+000  5.2153084156041540e+000  2.3285180344778365e+000 -1.2078643380068677e+000  2.9444526788367615e+000 -2.8711834056787242e+000 -2.7998352592999814e-001  1.0226741226871681e+000 -4.6136401903553876e+000  9.8898950140323105e-001
 -1.9444124522641250e+001  3.9602865764005322e+000  5.2148415595366888e+000 -1.3721883383091988e+001  8.7637269790002215e+000  8.8038713716614065e+000  3.0809793120528668e+000 -2.8077218219804103e+000 -1.3402274280182572e+001  4.1008310050023598e+000
  9.4549607678154537e+000 -2.8012866680602442e+000 -3.6984719606136585e+000  7.9475679355895359e+000 -3.2878899156861516e+000 -4.5738076123038525e+000 -2.7847272146828068e+000  3.3779224269791128e+000  5.4404798579003568e+000 -4.5957485350198652e+000
 -4.2437379501990014e-001 -3.7292274483645214e+000 -3.7437739606424754e+000  2.9890563768302210e+000 -2.7767977689760350e+000 -2.9129880252465359e+000 -2.2645844642001354e+000  1.2038671830088588e+000  6.6966795788485038e+000  2.6289197427251533e-002
  8.0821030955047206e+000  3.2506507240017557e-001 -3.8781735974048670e-001  6.4718327993706604e+000 -2.5017566160558666e+000 -2.0170536176696392e+000 -1.1087718983441013e+000 -1.2966998741110569e+000  2.8111199945921177e+000  3.1735579515051976e-001
  4.3477722031652561e+000  5.6204489405465220e-002  4.1025385925104807e-001  5.8017971868936952e-002  7.8793740404899637e-001 -2.8295063536920293e+000  2.6635501266357969e-001 -1.0693604153790637e+000  2.6242896330179435e+000 -3.3408251548652790e+000
 -3.0972958041690890e+000 -1.3559147962668396e+000  1.3121581314961415e+000  2.6321745754539799e-001 -6.0280392830994933e-001  8.8154182026557648e-001 -8.2267289515853925e-001 -1.0548468102051598e+000  2.0564564019686751e+000 -3.3168464196887810e+000
  1.0721611144573767e+001  9.0052635965359631e+000  2.8550804283827983e+001 -1.7595522444993136e+001  1.7427027978945652e+001 -1.3744504970717639e+001 -2.0940990287562407e+001 -2.8366758778222259e+001 -1.4223134939387252e+001  2.6541105219794225e+001
 -4.0340658466244239e-002 -4.6602632173485148e+000 -3.5345353916759472e+000 -1.1429309989414991e+000 -1.5892137262761696e+000  5.5027896808912082e+000  7.0107960567105181e+000  5.8818895934431570e-001  1.0026711700226851e+001 -8.9562467839695326e-001
 -3.0989869584438430e+000 -7.8549378541468151e-001  2.1858682062702407e+001 -1.7340290073560674e+001 -5.2081350534788822e+000 -1.0656140111242424e+001  5.9168756570886476e+000  2.4365162064954745e+001  4.9984227978002602e+000 -3.2370886513877073e+000
 -6.4902990777633711e+000 -1.6052937403336486e+001  3.4054228867288892e+000 -9.4465252952863814e+000 -4.7586344185788811e+001 -9.3836075040035620e+000 -3.4055550192440137e+001 -1.2158720352581851e+001 -2.6630481533487917e+001 -6.3781198299749997e+000
 -7.9804737225497613e-001 -4.1234498097552752e+000 -3.9840609859221260e+001  3.2932126366291051e+001  1.1891414364863111e+001  1.8355522410651496e+001  9.2163506871136658e+000 -1.3405530754307259e+001  2.0894238322840266e+001  1.1727491421865681e+001
 -5.0402471604911270e-001 -9.9947597788080991e+000 -4.1305619135589975e+000  5.4060977645828636e+000 -1.0918610190783030e+001  2.5000449247429852e+000  1.1968210759010416e+000 -6.9847590521557574e+000 -1.1233247555128735e+001 -2.0692731706574293e+001
 -2.7549877103335141e-001  1.1674492943336572e+001 -4.0271670020457080e+000  3.5880348566990349e+001  2.6968081269891663e+001  1.7963451317111076e+001  2.0124812229239819e+001  7.5053995678285190e+000  2.5071490439870701e+000  4.6584116430751283e+000
 -1.9106033923462187e+000 -4.0327254371564925e+000  1.5622572989420192e+001  8.5036147912195279e+000  1.7520692264539761e+001  3.0196252250402966e+000  1.7019730226008569e+001  1.2700986351764131e+001  9.7457859542118186e+000  3.6500115836850449e+000
  7.7078036971743913e-001  3.3797087265678449e+000  2.2995101281154195e+001 -5.7271856033856565e+000  5.2609763596275503e+000 -6.3485524384632903e+000 -3.5218755685537100e+000  1.1992734952522053e+001  3.0190744807137664e+000  2.1376255572492397e+001
  6.8170863241478994e+000  2.6947110641357817e+001  1.2864361868917298e+001  4.9764831865426995e-001  2.1880738241853368e+001 -3.5082195716385733e-001 -2.0695954991483836e+000 -6.2355052934477548e+000 -1.2751477388918603e+001  1.6823674047896951e+001
  7.6509591518764575e-001  1.1134248488723527e+001  3.9815895211352847e+000 -2.2438827170666169e+000 -6.7686698242378940e+000 -1.8886663061058939e+000 -1.8641540401581725e+001  4.2819172888348014e+000  2.5775738010278004e-001 -1.5892116364062643e+000
  4.3949003121082697e-001  3.8584849492608498e+001  4.0362410180307606e+001  2.1524419644237916e+001 -2.0933535261903508e+001 -4.0180737273098153e+000 -5.2463383442768581e+001  4.0368106777414411e+001 -9.1710005610088654e+000 -3.0827851941421674e+001
 -3.0963694705093170e+000  1.8001750566273383e+001 -7.1018409136553258e+000  2.8090923070114332e+001  2.2878807633786529e+001 -1.1970639384889980e+001  7.4986730201289788e+001 -2.5929294113149762e+001  1.5481547933322823e+001  7.9431024353085125e+000
 -2.3456688943391657e-001 -1.1545013677788105e+000  4.5094332765039722e+000  8.3331306492870407e+000  8.3986084176237128e+000 -4.9961102612826149e+000  1.4278304272659243e+001 -9.8085852507937088e-001  3.0264659219121244e+000 -6.6823604621906778e+000
  5.2123229714483319e+000  3.9011061788531556e+001  3.2903147896828720e+001  3.7240941177196184e+001 -4.5923011415526593e+000 -1.2182911644735100e+001 -5.6569338885709088e+000  2.1349192993200582e+001 -1.8097968628850052e+000 -2.3228443031325707e+001
  3.2692832231099556e+000  2.6367450993036847e+001  2.0297020786065929e+001  2.8491864521687457e+001  7.1309951335456956e-001 -1.0215481820538482e+001  4.0576479383183113e+000  7.7312031356324367e+000  1.4876364370549331e+000 -1.1784541519220015e+001
 -1.4764749368167918e+000  9.3390077901233557e+000  4.2387566443417555e+000  8.7432560223585156e+000 -2.9452795854070022e+000  8.2753621168728986e-001 -8.9887237039369356e+000  4.2787170624189850e+000 -1.3579097531782131e-002 -3.5379415659362392e+000
 -4.8549349484346429e+000 -7.2412302987406093e+001 -4.6898799253966615e+001 -6.8029856091459479e+001 -2.6143039017971827e+000  2.9475993682695893e+001 -9.4915583103064503e+000 -2.1369079973505436e+001 -1.1527112345588117e+001  3.4162878360901942e+001
  2.2404073491618175e+000 -2.3920183320953923e+000  5.1849019911443675e+000 -2.4571509504691589e+000 -8.4157427008581731e+000  6.2956789254749648e+000 -3.1503789681291710e+001  1.1250627204392368e+001 -7.0546865007206447e+000 -2.4396555057181408e+000
  1.0814929782591782e+000  5.9685704113723325e+001  5.1487203816592270e+001  4.6260877378423451e+001 -1.1477690170105744e+001 -1.5638138178525656e+001 -3.7992140131763378e+001  3.5976001650658723e+001 -6.2103486302264130e+000 -3.3506388611302107e+001
 -1.8880048004869563e+000  7.7668632649904792e+000 -5.2720122518758991e+001 -1.9980431960452322e+001  3.3380848633933198e+001 -7.2491401747873383e+001  2.3054822507719219e+001  1.6836559086860376e+001 -4.0286633779908570e+001  4.2541981308363241e+001
  1.2799174937154409e+002  1.1941281664547543e+002 -6.9038108646270842e+001  4.0975966392151825e+001  8.3573408484870306e+000  5.3290614068246235e+001 -1.9151355136752699e+002  2.1840738803471840e+001 -1.1893188216464443e+002 -1.0093889124071823e+002
 -1.4888340411433401e+002 -9.6575146289093794e+001 -8.9326158185493512e+001 -1.2205723392063555e+002  1.4111688727328513e+002 -2.5255240901729240e+002  3.1826654111260154e+002 -2.4678338595946208e+001  5.7499369157821398e+000  2.5059073988946727e+002
  7.9245873836375338e+001  9.3990313819127209e+001 -1.7070403642830360e+002 -4.8372197905976515e+000  1.2662974031040163e+002 -6.9011423240927002e+001 -7.8082619407725417e+001  7.1944162813281993e+000 -1.5987932243826418e+002  1.2063725603868096e+000
  1.7235481479562512e+001 -1.2812576075982026e+001  7.2741659259515671e+001  2.2876015748186695e+001 -6.8448075258656488e+001  8.8968917322361165e+001 -5.4391866897940609e+001 -2.1149881118566736e+001  4.6191420740371093e+001 -7.9299229447812863e+001
 -8.5289843228548051e+001 -4.7052656782771564e+001 -8.0234315283403006e+001 -8.0174124680951195e+001  1.0620573588859502e+002 -1.7725241592336920e+002  1.9773447294948622e+002 -5.2540821420602818e+001 -7.6974761891567738e+000  1.7509178781313406e+002
  1.3174597818669315e+002  1.0536400020215588e+002  8.3555332097526161e+001  1.2354466864984495e+002 -1.0744088236925731e+002  2.0863462476210913e+002 -3.0511203292087367e+002  3.1892218823833897e+001 -3.0988383732513341e+001 -2.2697439851809020e+002
 -4.3569664357428328e+000  1.0227160543810813e+001 -5.4033107869456771e+001 -2.1914853893224706e+001  3.5423626167470161e+001 -5.2205983650927294e+001  3.5503474275545031e+001  2.0087227297981260e+000 -1.5761470601730396e+001  5.1830311734226768e+001
 -5.0225059538260943e+001 -2.4558787670769242e+001 -1.7720114124226338e+000 -3.3525824229104948e+001  4.0136186772102519e+001 -8.8956545720563312e+001  1.1273610318755706e+002  1.4576191859197372e+001 -3.7487103087680751e+000  8.4448868820821090e+001
  1.2080099302490893e+002  9.8488508292543230e+001  6.7586089917204859e+001  9.4473559808214404e+001 -8.3904589510377491e+001  2.0141395457665729e+002 -2.5025545534918453e+002  3.7108470729304045e+001 -2.6221318404283696e+001 -1.9462160813302248e+002
  3.2180039188189028e+002 -1.2796743321041126e+002  1.4620615858510811e+002  1.6122951603670239e+002 -4.4539749425932621e+002 -1.0961968087392950e+002  1.0162850608985570e+002  1.2849606982878623e+002  5.4998094667189878e+002  2.3564225791078658e+002
  2.7766386911108731e+002  8.9037364757422196e+001 -1.6719211773811986e+002  6.6296105438052095e+001  4.1005553571306512e+000  2.6106438095472480e+001  2.0610946867009186e+001  2.3752812636103067e+002  8.1992808199483864e+000 -1.0492141416110925e+002
  5.1851113660572230e+002  2.3549674849400776e+002 -3.7741206207552091e+002  1.4918930840994710e+002  1.8444680533823455e+002 -4.1023047725311812e+001 -5.6951553132465783e+001  5.5364129857144428e+002 -8.2663183295710468e+001 -2.3100406442782426e+002
 -3.7226019351614707e+002  1.0798564692770985e+002 -3.2526150124282658e+001 -1.2415349458256694e+002  2.5472391015377025e+002  1.8267251708784417e+002 -1.6558537057105923e+001 -1.3752887046697350e+002 -3.4081308298733279e+002 -1.9156894638578839e+002
  3.1442327514037999e+002 -2.1762954929063076e+002  1.5971087563602163e+002  1.8651864184584855e+002 -5.2427488770668890e+002 -1.1873013563977942e+002  1.7131805957472176e+002  1.6025126217314141e+002  6.2069303407880977e+002  2.1888530341437203e+002
 -5.2005196474936292e+002 -1.4256825779179030e+002  3.0445785716751533e+002 -7.4282173006938208e+001 -1.2518610048986312e+002  7.5888832748187454e+001  7.2386900004269705e+001 -3.4829130290808155e+002  1.0184567822993759e+002  1.0721569060904740e+002
 -5.2519002396266080e+002  1.5033727545130537e+002  1.5499539306385280e+001 -1.8993052883117019e+002  3.0850298925635042e+002  2.5277491726831346e+002 -4.4720232850510882e+001 -2.7811771051044354e+002 -4.3105057237584595e+002 -1.8839345157224619e+002
  1.0857373072896448e+002  1.3541662038213641e+002 -1.5040312627976647e+002 -7.2805008984201072e+000  5.1842076125887324e+001  1.4016222242150869e+002  2.6884244187733213e+001  8.4461095675379539e+001 -9.3890032376613121e+001 -1.4068984655717790e+002
  3.1683261245616893e+002  5.4215189613328221e+001 -1.0131604568614283e+002  1.1834477688471081e+002 -3.4439201156357129e+001 -1.0183884605214199e+002 -2.7164207980139466e+001  2.7774267892686333e+002  1.3121527420427853e+002  3.1549994113414614e+000
  6.6430507713989596e+002  7.4025761883992729e+001 -1.8619464444783156e+002  2.2006409956271264e+002 -3.2664251040358192e+002  1.8923244628971037e+001  1.3719112245007523e+002  4.7372920370997252e+002  4.1199635003526714e+002 -3.9669836955904259e+001
 -5.0789445725495938e+001 -2.3634514895451218e+002  1.6128816309712610e+002 -9.8091802733933680e+000  3.1612753280101833e+002 -7.9926541726260808e+001 -3.9767929896426932e+002  4.6857395090704088e+000 -2.9026559500241472e+001  2.5173265914862827e+002
  2.0769561698380866e+001 -4.9949984268476753e+000 -1.8820714907982733e+001  2.6882613120153806e+001  2.8948330115277521e+001  1.5264988213978320e+001 -2.3651149518390067e+001 -3.6054680351587840e+000 -4.6737255398540405e+001  1.7112240589761030e-001
  1.8884010667003682e+002  3.9193012985808872e+002 -3.3594223816950330e+002  3.0923877441925814e+001 -4.6009382373856414e+002  1.4820218140114747e+002  6.1666088413483192e+002  1.3523039203816341e+001  7.4887833240856438e+001 -4.4497219291959891e+002
  3.7487682412046759e+001  9.5730117931945585e+001 -5.3725952934020661e+001  1.3736196037813859e+000 -9.6734954120864685e+001  2.6427140318594425e+001  1.5047589130943103e+002  2.7077548818903356e+001  3.2135453612039264e+001 -7.4609618300553322e+001
 -1.1859716446309490e+002 -3.0815272914776904e+002  2.6105562208727417e+002 -5.5775239680455748e+001  3.4239693724506117e+002 -1.5538312053462067e+002 -4.9253839050257761e+002 -4.8999416531655214e+001  2.3419845101997151e+001  3.1601526037481301e+002
  1.0174579949490379e+000 -1.1850196873134689e+002  4.3377272771063716e+001 -5.5479872220181612e+000  1.1755640460986699e+002 -7.2408023581509454e+001 -2.0696251414910174e+002 -9.9145766031549996e+001  1.8795256271527613e+001  5.5514598053097586e+001
 -7.3307594143600974e-001 -5.6654970479136750e+001  3.9123601733371061e+001 -5.0242849635293996e-001  9.0256466115139574e+001 -9.2365387001490404e+000 -9.6895274790181531e+001  1.1060604489700049e+001 -3.3539325222460185e+001  5.6921778393119311e+001
  2.7263546968792480e+002  5.8227630401647320e+002 -4.3889213345087757e+002  3.7560383537828777e+001 -6.0596213999199063e+002  1.9334442168741336e+002  9.0986728089085148e+002  9.6044641795108390e+001  1.4635918382369380e+002 -5.6047211917548043e+002
  1.1153176534379465e+002  1.3643856771869315e+002 -1.4139920516204182e+002 -1.3905727873880437e+001 -1.5799940319237879e+002  2.3768044535846879e+001  2.2173838381315215e+002  2.1011789171758355e+001  8.8687636290911072e+001 -1.9059346105510738e+002
  4.4682873195493067e+002  7.9335245459629175e+002 -6.7483974363945049e+002  7.4891427662235586e+001 -8.3844323602810209e+002  2.5756452696782054e+002  1.2396674023293044e+003  8.6418246753834609e+001  1.5282189827794818e+002 -8.4361167961466708e+002
 -2.4910894444281521e+001  7.6367961251784538e+002  1.0192727531439236e+003 -1.6746596921386572e+002 -4.4599254951153137e+002 -1.1677724337224572e+002  3.9315369954705056e+002 -3.9592931771675302e+002 -1.8350594083998612e+002  2.4915470715857600e+002
 -1.4921445053184874e+002  1.8031940405970931e+002  1.4267381978675266e+002 -1.4347097593021303e+002 -7.7184844789869388e+001 -3.0635964547075577e+001 -2.1711425570655411e+001 -1.2102273001289352e+002  7.8401063352612930e+000  8.1845992418747088e+001
 -3.1325619478939001e+002  1.1467357389572262e+003  1.5884765463729045e+003 -2.7204339614915284e+002 -5.9054807348792554e+002 -2.1315802721754054e+002  6.0478335358660547e+002 -6.0043708707905671e+002 -2.9659189372728349e+002  3.0165288009679881e+002
  1.8627293558197289e+002 -5.3567895560457180e+002 -8.7779755506971185e+002  1.5500400920213829e+002  3.4920383252669575e+002  1.2621673017670550e+002 -2.3271681284273342e+002  1.6251174481198089e+002  1.8863214238255463e+002 -9.5467272573766337e+001
  1.2883621298105149e+002 -2.6154225166757777e+002 -1.4553454767654119e+002 -3.9231632158714746e+001  7.1166725276162722e+001 -1.3362840056146095e+002 -2.7969987637257994e+000  8.6633068866265290e+000 -2.2874476109789993e+002 -1.1368839510477471e+002
 -2.7693065089657176e+002  9.2597031469832973e+002  1.1239463328031404e+003 -4.5308646593575816e+001 -4.6533157395853840e+002  6.7580989611317889e+001  4.3511840302625933e+002 -4.1425225267628957e+002  5.9977166731755396e+001  4.1985104476453506e+002
 -2.0885419814293851e+002  4.1358684793418541e+002  7.9869607744520761e+002 -2.9420949712339910e+002 -3.0917729924732015e+002 -2.4526858993856891e+002  7.4341846927443846e+000 -7.5187064082898061e+001 -2.8320112171320574e+002 -1.4357935785147687e+001
  2.0651347365857825e+002  3.0111217812107913e+002  3.5204540256312953e+002  7.8594184334298930e+001 -8.4448021041855114e+001  1.6185259176138004e+001  2.2123447102221510e+002 -1.1530781970954773e+002 -1.9214746195983036e+001  1.0479694673214993e+002
  1.5125135790471441e+002 -4.8306792070807961e+002 -5.6253267780971225e+002  6.3958238370881148e+001  2.6211431060727301e+002 -1.4695712955831244e+001 -1.8842123199792121e+002  1.4635310698467856e+002 -3.6838486156763523e+001 -1.2279159761679711e+002
  1.8983767559411254e+002 -6.5361857753308993e+002 -1.1025762044395237e+003  1.8266825788780034e+002  4.2801048616634631e+002  1.7227962972025625e+002 -3.6577045010995255e+002  3.6338320195541195e+002  3.0141664519461870e+002 -2.3970099519015355e+002
  9.6367076185577741e+002 -1.3268421282605102e+003 -3.9737304765505314e+002  1.0850383758216482e+002  5.6615169515495359e+002  4.3542140816861348e+001  1.7370643425487215e+003 -6.7566315598780619e+001  9.9907108420229883e+002  5.0535089338039126e+002
 -8.4980689532623421e+002  1.4541201945555372e+003 -3.3562875395454398e+001 -6.5836345563873650e+001 -4.3749979788563348e+002  3.2485100134816509e+000 -1.2931019233169109e+003 -5.4107597430006535e+001 -3.4859814271537601e+002 -9.8262448143787606e+002
  3.8925061104164149e+002 -7.2548882013254843e+002 -6.7007425478508793e+000 -2.2593398101926788e+001  1.1559488544007671e+002 -1.1492151284665518e+002  4.5320815780364239e+002 -6.0201244022709787e+001  5.4870787756003125e+001  3.6662936090237758e+002
 -6.0382730880819395e+002  6.9412216256483748e+002  2.2114191583706986e+002 -6.9807550959319883e+001 -3.5352531452820369e+002  6.7947827598378741e+000 -1.0210146538800370e+003  3.5075402440923767e+001 -4.8754380576993981e+002 -2.9388181672972775e+002
 -9.7684287499906213e+002  1.1711986429312888e+003  3.9749791233718321e+002 -1.2396584406658849e+002 -6.2821058573299285e+002 -5.8653076252430651e+001 -1.7805927972784814e+003  3.2670636235390042e+001 -9.8086034706166288e+002 -4.7392943150877932e+002
  2.5042652201446140e+002 -4.8694648841434605e+002 -4.2858490024476885e+002 -1.2127787192913830e+002 -7.8088853207150066e+001 -2.2104036277505747e+002  4.6320025918998385e+002 -3.1575999399819165e+002  4.9785924514311489e+002 -4.0199760110712975e+002
 -2.5490509712717105e+002  7.7552998068184536e+001  3.4748122606137804e+002 -4.4100082865998459e+001 -1.4272926293225589e+002 -4.1755782877859531e+000 -4.8615849715813545e+002  1.2494393823077954e+002 -4.6936544957845069e+002  2.6452786301876301e+002
  1.1424429381718464e+002  1.4536210928748048e+002  3.6555807432338291e+001  2.1147368271620596e+002  3.5159602897771771e+002  3.2725591827658877e+002  4.4339763879877114e+002  2.4785973192375764e+002  3.0654322158676138e+002  3.0300744268322040e+002
 -2.5053561485887138e+002  8.3228015664745840e+002  1.5450546694145689e+001  2.0414411219867631e+002  3.3108760638274629e+002  4.8446573721844635e+002  1.9554609137550415e+002  3.3363019263277641e+002  4.2929628524287966e+002 -9.1688984255871631e+001
  4.1157527584547358e+002 -2.9114686203264864e+002  5.2416250439900367e+001  1.2735744289641960e+002  3.7387687097865455e+002  1.1009418590983071e+002  6.0645949023527305e+002  1.3081405065992860e+002  9.9788181249429101e+001  4.4845060255324165e+002
