 -2.0922172935490622e+001  1.2378506481923459e+001
 -8.5507060673967715e+001  4.5810237194679630e+001
  1.3414165486458780e+001  7.8674808444570479e+000
 -4.2531953649622082e+001 -2.1217818648730102e+001
 -1.0388696549462169e+000 -1.6044232609479447e+000
  6.9295029088567528e-001  2.9947727722385256e+001
  2.0117457113580223e-001 -1.0865372183068356e+000
 -9.6683506183108818e+000  2.5103708862576317e+000
 -1.9870797384403880e+000  2.0065306421395470e+000
 -1.4572009960053325e+000  3.9877204205505423e+000
  2.0374876241365714e+000  4.3696510914362658e+000
  1.4875407203552244e+000  7.3621744470313877e-001
 -9.0159312789893142e-001  2.9723189062577897e+000
 -1.9250072310266209e+000  1.9096589516777986e+000
  8.6015737765741307e-001  8.0315036911251503e-001
 -6.7642546697291284e-001  2.8561385396871830e+000
 -6.4343471695327215e-001 -8.0418957529239055e-001
  1.7725779482060497e+000 -8.9288202442648457e-001
  1.8691899753089167e+000  3.5096002092728873e-001
  3.2328512728123104e-001  1.1306823720188286e+000
