  1.4268707566342465e+001  1.2161153513447072e+001  5.7786800334748669e+000  7.5845305060943558e+000  6.2311270386886730e-001  1.9807620398997997e+001  1.0628692466911332e+001 -1.9744513700266030e+001  1.2704386942189730e+001 -6.6585847135317957e+000
  2.4118861586080294e+000  1.6551289204939415e+001  2.4054233453445935e+001  2.4447597826297778e+000 -2.7805292508739603e+000  3.7808065310824475e+000  1.1486086354824755e+001 -1.2171210227630056e+000  1.9606381250795089e+001 -5.9520311030388093e+000
  1.8100644335995906e+000  1.2588130795592225e+001  3.4254760896000667e+000  1.0895844601387989e+001  7.0635927491950552e+000  1.6423202143164417e+001 -8.6404121328268391e-001 -1.7437650188919985e+001  2.0922215345140643e+001  1.2032713379139970e+001
 -1.4055228825853316e-001  6.0682953547608296e+000 -1.9870795674607031e+000 -3.1081664701497452e+001 -1.1656887983599731e+001 -1.5399542242937985e+001 -1.9401554711054345e+001  3.7565540519869515e+001 -4.4688270655318782e+001  2.2068457402260002e+001
 -3.3773367921288098e+000  1.7477725322962325e+001  1.3874848343690406e+001  4.1726920930657752e+000 -1.9430717226331080e+000 -1.0377994917214897e+001  8.3502058037745055e+000  1.0502082704000989e+001  1.4677733657612670e+001 -2.6026430939828260e+000
 -1.4034748398093322e+001 -1.0985979795507351e+001  5.6482523781637770e+000  2.1043967998228039e+000  9.8982782765915651e+000 -2.0621550542278520e+001 -7.0540145171098017e+000  8.7252282913592953e+000 -1.2591994425709538e+000  7.0960781348055519e+000
  1.3332198606424338e+001  5.1137948052544058e+000  1.1265873715445174e+001 -1.4741816234771816e+001 -2.3707940760035985e+001  2.3140046482658949e+001  2.1889975874651501e+001 -2.1786032028650393e+001  7.0716536136102015e-001  7.8062472319659175e+000
  1.4850643513015626e+001  1.9331372873753033e+001  3.1014602257476183e+000 -3.1090647254745014e+000 -8.7289977747088727e+000  3.0222239932027879e+001  1.2745219038337277e+001 -1.4311780215944417e+001  8.0095769999834445e+000  4.0759866834169767e-002
  1.8195488984288623e+001  4.1013236927738586e+000  8.9879935862340563e+000  5.2472109160052920e+000  6.3150893106345087e+000  1.1057796508617670e+001 -3.1465181153451955e+000 -2.0814178908390091e-001  1.3031081940726410e+000  9.1558924922241491e+000
 -6.0429822413103143e+000  6.2393321285917915e+000 -8.6038829942404025e+000 -1.5862554207294687e+001 -1.7359032322673379e+001  1.8550045934855273e+001  1.5248891338454039e+001 -7.3819076909160417e+000 -1.0123604617992308e+001  5.7831545719841753e+000
  6.5583985496165340e+000  8.2653163566928907e+000 -6.4683816105836414e+000 -2.7220986910103244e+000 -1.2087099911699761e+001 -2.0934280578730657e+000  1.1980800659929917e+001 -1.3841918762088181e+000  7.1308741705350931e+000 -3.2750904566129941e+000
  6.1748974661674714e+000 -1.6710087288252529e+000 -2.6784501194134829e+000  1.4978667290135521e+000  1.0648359776909015e+001 -1.3678319315686427e+000 -7.3309520160143951e+000  3.1672982809646397e+000 -6.4114608276024336e+000  2.4349097785017579e+000
 -1.6570432790620668e+001  7.2434830788113791e+000 -1.2324225190857224e+001 -6.2258232206832254e-001  3.7646118197179987e+000 -1.7390492465615278e+001 -8.2749891835551530e+000 -5.9854962029117988e+000 -3.1333678324976653e+000  7.9925194985856267e+000
 -1.2886781871344599e+001  1.1719852425014698e+000 -6.7815396797732816e+000 -8.7447374939002398e-001 -1.9063081002400743e+001  2.1887931633766979e+000  4.3187230138872881e+000  3.0269590770414596e+000  1.5580462874280297e+001 -2.4297736401437051e+000
  2.2554712670828692e+000  9.8815902739564110e-001  6.9201580332169401e+000  1.2282580590381587e+000  9.7478550321450346e+000  2.9936512560967290e+000 -2.4042851226224484e+000 -1.3986234718457595e+000 -2.1426212430191445e+000 -2.0844936458053978e+000
  1.9661901383270635e+001  7.0430535024504586e+000  4.6063670449662855e+000 -4.2307136637850098e+000 -5.0024906885536140e+000  1.3089278335793997e+000  1.3756130449854140e+001 -1.6729596920947318e+000  5.1817038060778753e-001 -5.5343946618522892e+000
 -8.0731577403568853e+000  4.3418644835320075e-001  1.2106906346665274e+000  2.4704037092586604e+000 -1.5387134679238441e+000 -2.9995296704773162e+000  8.3647217536345200e-002  1.1412450072687137e+000  3.3269797091335480e+000 -1.3810696228512109e+000
  1.1950548123353052e+001  7.7137148630423793e+000  9.2465748372062286e+000  4.8918147340352780e+000  1.9227812563252595e+001 -1.0260538221637496e+001  5.4177942451593575e+000 -1.0590369547106937e+001 -1.5989255966142931e+001  6.8702146233145127e+000
 -1.4511622277891231e+001 -3.8573331907090282e+000 -1.2426459128078266e+001 -2.9470165871441152e+000 -1.3237315187221926e-001  1.2142977357788208e-001 -1.8074982264421141e+001 -7.2308055046277819e-001  9.0963741134404485e-001  3.6943282904487202e+000
 -1.1087678642046958e+001  1.6277777315574971e+000  3.7044242179427234e-001  4.2586714638854213e+000  7.3026205251488845e+000 -6.5656434930390750e+000 -3.4770411942643893e+000 -3.4111781576460483e+000 -5.4377389632947262e+000  6.3051534103224327e+000
  6.7807363795870268e+000 -2.9141521764231824e+000 -1.7968190726671553e+000 -3.4654795530435317e-001  3.0250897357549391e+000  1.1653905771711419e+000 -1.7072791142200667e+000 -7.4667112421822459e+000 -1.7073711141485419e+000 -1.4880526161633711e+000
  2.5256479769359119e+000 -1.7096492161909762e+000 -6.7164191381406568e-001 -2.1648503016649228e+000 -3.1721715559370360e+000 -3.9150712223335802e+000  4.0475174036775083e+000  5.9053935238742925e+000 -4.7496389610733267e+000  6.3158188690905170e+000
 -5.8347947935290554e+000 -5.2350979647633906e+000  7.2993393616285491e+000  5.0951251812062344e+000 -6.9697333893445315e+000  2.1377389449288859e+000  9.4642401069304380e+000  5.5595409155775162e+000  2.8456099768365970e+000  7.4932035638167438e+000
  2.3926327276243531e-001 -4.5924871025961860e+000  2.5834214342518385e+000 -8.8235421492428023e-001 -5.9834462509761188e+000 -2.6857965810146212e+000  4.7901313667586516e+000  7.3583849405751520e+000 -3.7880553489626121e+000  5.4922290301961469e+000
  2.6006164566739982e+000 -6.4103719308146845e-002 -1.0914115617209752e+000 -2.0728373340080903e+000 -3.4883039509964098e+000 -4.5015177899189690e-001  9.2081280321891290e-001 -2.0898830606254215e+000 -2.5844817885108644e+000  1.3455303327383825e+000
 -5.6901742861101201e-001  4.2600562643584805e+000 -2.2412190844112363e+000  2.6363818715338239e-001  3.1027338324441205e+000 -5.6736320343889646e-001  1.1635227288112855e+000  3.5860411122273406e+000 -7.6902122212575001e+000  7.1246511678724278e-001
  2.5667544110413525e+000 -5.1725989998974056e+000 -6.0997550618746157e+000  1.2424522015181244e-001 -1.8085963442531097e+000  1.5050052773629372e+000  1.9883177550875641e+000  2.2193538389640461e+000 -6.8701701360407892e+000  1.9186947403256851e+000
  3.2859795350680030e+000 -5.6471801116979812e+000 -3.4852705016706511e+000 -7.4928935047019407e-001 -5.8128916509266348e+000  1.0317494641969691e+000  5.3667297777988265e+000  4.5487251786009164e+000 -3.6584666079488617e+000  4.9573276574794889e+000
 -3.4542664960282941e+000  4.2578192544194255e+000  1.0165910018590958e+000  2.0585705890865329e+000  8.2694296053701262e+000  1.3270692705410767e+000 -1.2221366461009175e+000 -1.9731708820872043e+000  4.5334895253537066e+000 -7.5146637950631483e+000
  9.6022635978755613e+000 -3.9227369396560166e+000 -7.0356550747479858e+000 -2.3061637253476097e+000 -7.4254854822146541e+000 -1.0288496328375150e+000  1.4757549634808029e+000 -5.5189070905583799e+000 -7.0906116755751274e+000 -5.9435545104540202e-002
  8.1878394993525938e-001 -1.9851320827562491e+000  6.0952830013421178e-001  4.2548191873942820e-001 -8.6727720492732319e-001 -1.9004790130799043e+000  2.2202614306692068e+000  2.3246311536818096e+000 -1.9511904183401174e-001  4.2532708819945547e-001
  1.8585327894702413e+000 -9.1888293043786529e-001 -1.5217432051023914e+000 -4.8847374051903603e-001  9.7923932374363365e-001 -1.4363730437283190e-001 -9.8874086003755490e-001  1.9331665034985934e+000 -1.9105702303476108e-001  2.5770301619925298e+000
  2.2993285521708384e+000  9.8130482103543071e-001 -1.3382721299426246e+000  7.4435956676178350e-001  1.4070364588737720e+000 -3.9869789163205871e-001 -2.6275588006655517e+000  8.5416683545467775e-001 -6.7046061795337797e-001  2.5420706426089024e-001
 -1.3945137987667051e+000 -1.6386346758595207e+000  1.8739880371396074e+000  2.1934949753946636e-001 -2.0697023187613408e+000 -1.7932249613000870e+000  8.9567298033268195e-001  1.2047877076084279e+000 -2.3280471328764743e-001 -8.6907280316520075e-001
  2.8201433044144277e+000  3.9240859353521866e+000 -6.6463104691321573e-001  5.0787022699954620e-001 -3.5237404940510914e-001  1.4425210379908107e+000 -8.3796526130110127e-001  1.6602489935959506e+000  1.5949866778074517e-001  2.9318990739950119e+000
 -8.5586997350616290e-001 -3.9889818518499593e+000  2.2008248281570344e+000  2.5657863038649487e-001 -1.6829583584295515e-001 -7.6017125508179650e-001  8.6424012503531222e-001 -1.0809636137993299e+000 -5.8703702047487982e-001 -5.0980344866286686e-001
  3.7279592544562384e-001  5.4291397170269307e-001  5.3970458075696573e-002 -1.6840194270146285e+000 -2.5265771041343782e-001 -6.1250529375380625e-001  2.2135336968151313e+000 -7.4636968328674891e-003  1.3902981979691273e+000 -8.9104741635987283e-001
  3.4074444957061818e+000  1.9162312406240749e+000 -1.1002775100716768e+000 -4.5307759782824986e-001 -1.4667965819610544e+000 -1.6307045669328442e+000  2.8042662235136306e-001  1.9556152320114506e+000 -1.0185284050235750e+000  6.5594360222127834e-001
  3.5043474259321805e-001 -8.7553196333902950e-001 -3.3324196624841951e-001  1.8355034428001848e+000  8.0343534638670244e-001  2.0707969804459294e+000 -1.0207795469952359e+000 -1.9639225731975845e+000  1.6423272739535009e+000 -7.4189408038699411e-001
 -1.1711817757090111e+000 -2.7492370420980285e+000  3.7665769847565567e-001 -3.3433912338420380e-001  1.1668348839787863e+000 -1.5833916099796177e+000  1.9633033838414166e-002 -1.3236984047465779e+000 -3.8712939649004519e-001  7.6208521298549214e-001
 -1.0239413339200454e+000  2.6922828046291523e+000  8.7666516361414593e-001 -1.2183729567546417e+000 -6.5290174959027836e-002  5.9971165564285667e-001 -4.5754054670261579e-001 -2.8754131163790442e-001  6.5342219884045072e-001  8.3186804885535015e-001
  6.8190988604878289e-001  5.3743058885940620e-001 -1.8897227193047437e+000 -9.0597040518829042e-001  4.2397732815366296e-001  7.1489829629309415e-002 -6.3163670305657016e-001 -3.9545264536693631e-002  5.2658537743714284e-001 -9.6956069796875910e-001
 -2.9923887859215242e-001  9.5039819771874245e-001  1.8849535941087070e-001 -8.2253419926676752e-001  7.1562429558021767e-001 -2.1365997193662274e+000 -1.7810258732923754e+000 -3.3071213614081679e-001  7.2645260085567076e-001  2.1713049738013901e-001
 -4.4742250032316594e-001 -1.1320312838061501e+000 -2.6193105248033016e-001 -1.9777611196795775e+000  1.1071443734163302e+000 -4.6442282464263485e-001 -8.2645075234102827e-001  1.1844692200647615e+000  1.0908306214265897e+000  5.5187966080532047e-001
 -1.9250287135855944e+000  2.9511647863313950e-001 -5.3561805620584146e-001 -1.9116943721385762e+000 -1.5263182011846671e-001  3.6990525732359431e-001 -5.1671943925879105e-001 -1.1485021686083337e+000  5.1385808441933478e-001  6.2903410769468493e-001
  5.5087894630760181e-001 -7.5155247832971139e-001  1.2734259830489125e-001  9.3383574513338807e-001  8.8935799880860933e-001  5.0871296592023096e-001 -1.4891495689430911e+000 -4.9955359725792214e-001  2.1049243045497064e+000 -6.0533602050423529e-001
  2.0933458728219603e+000  2.2555446298032156e-001  1.4812687498491655e+000 -3.8859336582720511e-001 -1.3613051777150611e+000 -8.9639831853639121e-002 -2.7586873340891027e-001 -8.5085419194088918e-001 -2.2822290796900510e-001 -2.0833914734917466e-001
 -1.1476709529300142e+000 -2.1454684359922283e+000 -2.3938097824727975e-001  1.7246556382812694e+000 -1.2158966344584028e+000  1.9075483992641296e-001 -1.6713710259957599e+000 -5.3886421581949784e-001  3.3638969662283402e-001  5.9879772662385011e-001
  1.1476205384794302e+000 -1.4354859085772254e-001 -1.1972067291679316e+000 -1.7850707324902532e-001  2.0019321445012608e+000  2.2856387641848372e-002 -5.5104784331942613e-001 -3.9906685411404341e-001 -4.7390005825204029e-001  1.1961431345956341e+000
 -2.0640220457574610e-001  1.5041957295715473e+000 -1.6128319884658024e+000  7.6740068063772549e-001 -1.0757569223771526e+000 -1.2784162228078522e-001  1.1523253768917976e+000 -4.2900142068711500e-001  5.8185709103328787e-001  2.7855636509809567e-001
 -6.0443259305377040e-001 -5.0451422489407560e-001  1.4195480723546110e+000 -7.7206589083893173e-001 -6.4279683170021440e-001  1.1947392829541290e+000  7.3194323273042228e-001  1.1297782875141047e+000  3.2356617229362056e-001 -9.8189624701008760e-001
  5.1782043355160001e-001 -9.4638504293303050e-001  6.0962441098575693e-001 -1.3501374654557134e+000 -1.0874175057481297e-001 -1.0286878035923068e+000 -4.6586223929858567e-001  9.7647053257103988e-001  1.3707251028929917e+000 -6.6912191171290658e-001
  5.6592169674424209e-001 -1.2984789745281905e-001 -7.8051616213619157e-001  7.2899290924994276e-001 -6.9794886448248028e-001  2.4770339950264302e+000 -4.4697221038858270e-001 -5.8935124886374513e-001 -7.0650394214939205e-001  8.2055448838088829e-001
  8.7937995302490490e-001 -2.2082914142589289e+000  2.8286552468490572e-001  3.5425538790633948e-001  5.4315231538810704e-001 -1.0084955551617898e+000 -4.7107211147866662e-001 -2.4674292324073068e+000 -5.8944616843992681e-001 -1.7646518137236469e+000
  3.4715981828492726e-001 -1.2318379855869146e+000 -1.3498493967940284e+000 -1.4974133610447271e-001  6.8247046415457036e-002 -1.2951661948061362e+000  1.8677827028072851e-002  1.5758690631968666e+000 -1.2868689626272811e-001  2.1055690190176692e+000
 -4.0901518262292014e-001 -7.3469236178243547e-001 -7.6474944623211139e-002 -6.7978820904376058e-001 -2.7851781536272879e-001  1.0035640449858509e+000 -6.3456859407010702e-001  1.4135231754460422e+000 -1.2510403178749763e-001 -1.0624546710204748e+000
 -1.4506350807750972e+000 -3.9933920654813693e-001 -1.1567079022770423e+000 -1.0400327298855687e-001 -3.3080714565159308e-001 -5.7069570792884095e-001 -2.2456963803227697e-001 -7.0140142381779236e-002  8.0452692667419368e-001  9.4437507949620692e-001
 -4.5116613692231228e-001  5.2469227341757393e-002 -2.4932416338042984e-001  1.4071276433519753e+000 -2.0897726638468875e-001  8.9858450977400139e-001 -7.7290509122630546e-001  1.0967436007116547e+000  9.0141217492000814e-001  1.4202174138602830e+000
  1.0603804566690573e+000  7.4434464525055727e-002  1.8640612670109255e-001 -1.9373766401607390e-001 -3.9343319064700610e-001 -1.2011581666804882e-002  1.1959618563067389e+000  9.7459279509400987e-001  2.4538995182211842e-001 -8.7426283084972756e-001
 -4.1834497002008642e-002 -1.5722269422189600e-001  2.3772674106007785e-001  3.4827857928921879e-001 -1.1188124195237439e+000 -6.8657983366292197e-001 -8.3525221169279962e-001  7.4112625785767117e-001  3.8971855692183260e-001  5.6838687095492202e-001
  8.7344598387828959e-002 -9.9596458198754800e-001 -6.7269377923711993e-001  1.4346457219622633e-001 -4.7253440667429480e-001  8.9221284821258895e-001  1.2007208644475575e-001  5.3253075285033591e-001 -7.5205728057237398e-001 -6.0358103750117320e-001
  2.4071745807759282e-002 -3.2685163611056745e-001 -6.6785311851327256e-001  1.2575538494742311e+000  1.4383731041123862e+000 -1.3191272403338397e+000  1.1701016403785625e-002  1.5888759901097202e+000  1.3219075954501458e-001 -3.6000686818517652e-001
 -7.7874588876179951e-001  5.1644828636282214e-001  4.4938235574257046e-001 -4.4035060258788705e-001  8.8597458889633063e-001 -9.9328417540407510e-001 -1.2223315837051922e+000 -1.1072641942011594e+000  4.8548549531617968e-001 -6.4650150403535028e-002
  8.2639871949899368e-001  6.6803886130810541e-001  9.4681441850466896e-001 -2.6556279256357374e-001  5.3152724825060671e-001  4.6240769440517854e-001 -1.3024237640762164e+000  8.4463368425938157e-001  9.4791149518685658e-001  1.9274758003294046e-001
 -5.9357011714229690e-002  9.0099547021464199e-001 -3.5221130310157467e-001  1.4152042780038891e+000  9.0512323972353537e-001 -2.2394820956150932e-001  6.7293940302345673e-002  1.6319216527171945e-001 -1.5510191416087762e+000  1.5519860086838446e-002
  1.2278161735463060e+000 -6.3165430994457239e-001 -4.9360390112265967e-001  1.3485603731166638e+000  1.1012962804932465e+000  8.3141444941367448e-001  3.9947643313659198e-001  6.0051232867618032e-001  1.3668522131994880e+000  6.0459512396919413e-001
  7.6900346018214205e-001  9.3119189764138488e-001  5.9035140133785802e-002  2.7363069055743000e-001 -4.1821111238316822e-001 -1.4420131861713112e-001  3.0744163780217720e-001 -9.5797996330111057e-001 -6.4385530892532072e-002 -1.4024240902833587e+000
 -1.4475945322156178e+000  1.2975784759815867e+000 -1.0875621258687904e-001  1.1496298450816802e+000  7.7489687100337112e-001  1.2462886975987232e-001  5.6781053026217920e-001 -1.4149996507224499e-001 -6.5498051346247621e-001 -7.5275421073348359e-001
 -8.8539930411969769e-001 -2.1536676506295799e-001  8.0889521454964008e-001  2.3665034895839604e-001  1.5676583291097923e+000  8.7627646754832822e-001  1.6054407156618571e+000 -9.4170999516842169e-001 -5.3063152899067068e-001  6.0345702741129137e-001
 -5.6054684548575895e-001 -1.0153815758191720e-001 -1.0117920769562458e+000 -9.5537837771738254e-001  7.7629038555994434e-001 -2.0737616372733148e-001 -1.6932794092131151e-001  1.0316716719680186e+000  8.1513884110397866e-002  2.7473740152761661e-001
  3.1149888953362342e-001 -1.1522771317485481e+000 -1.9722140859218548e-001  1.2034974465481214e+000  6.5737598001914876e-001 -2.3792415768974270e-001 -6.1822105100630698e-001 -8.8414905432966401e-002  8.8313439354081802e-001 -1.3934940470573282e-001
 -3.3183490718938474e-002  4.7179457314868611e-002 -4.7127553427552249e-001 -6.7524893972640221e-001 -8.1166064961606743e-001 -9.3588266203244908e-001 -6.6748146414838871e-001 -2.6588281813514059e-001 -4.9446328807821288e-001  1.0304916648520979e+000
 -9.0708115277562729e-001 -4.9721516053328413e-001 -2.7172974556887591e-001 -6.4226098806392973e-001  4.0138925647025808e-001 -2.7847084892731444e-001 -1.4815990716357081e+000 -3.0407202652497256e-001  1.3217726720227934e+000  2.4431645167620336e-002
 -1.8902360654718664e-001 -2.4871086621044913e-001 -9.4657371400624901e-001  7.0223801783967876e-001 -3.6467535528119943e-001  1.2207170783503132e+000  1.4342077060873981e-001  1.2282878019781327e+000 -6.8907998884133337e-001  5.4427942258357842e-001
  6.0011693968032220e-001 -1.8375426961278285e-001 -9.5379457146511093e-001 -8.8161844937171208e-001 -5.8361847423117497e-001  4.9724057158483531e-001  6.0146148708330371e-001  2.3437464071302921e-001  1.1363932856120382e+000 -4.0172970701997535e-001
  2.9656777294374081e-001  5.1835138079665299e-001 -1.3839055563348746e-001 -3.9993553821417005e-001  3.9251554900250854e-002 -2.2167366878147760e-001  5.0235342962623764e-001  1.0713938447242082e+000  4.4768859251849696e-001  6.6299234884618335e-002
 -4.8557355624574089e-001  5.5769982521473060e-001  9.9362293470191621e-001  2.5241180544247060e-001 -5.0146598652647167e-001 -6.9762983235978437e-001  6.5775732081228311e-001 -5.4773889452534152e-001  7.4802304362339067e-001  7.7246845369975214e-001
  3.0296588899244697e-001  6.7789641835393200e-001 -4.2318247096071748e-001 -2.7438618978111451e-001  8.6441307302547088e-001  9.4073445898507602e-001 -3.6853631710605816e-001 -5.2437752729458953e-001  5.1494031309930610e-001  3.5130663813797397e-001
 -2.8249881168498808e-001 -1.1566485562490065e+000  2.2207470884080427e-001  9.4368251021294952e-002  4.9396999853936890e-001 -7.6066409489991305e-001  8.0382283132214438e-001  9.5706515865475447e-002  1.6967325985640305e-001  5.2765851810116504e-001
  6.4047153368111231e-001  6.2185156414672038e-002  5.9831858268715199e-001 -5.6913784989888794e-001 -1.8589534923874249e-001  1.1485845458676529e+000 -1.0784520589120989e+000  1.1594123460240456e-001  3.6740051185615080e-001  5.6891172740853890e-001
  3.6878991353711543e-001  4.0455553722016813e-002  9.5481767930630942e-002  1.7646055546630129e-001  4.6172191983891869e-001  5.1103522400375079e-001  5.3497284901911935e-001  2.0261268708803468e-001 -9.9099289985627959e-001  2.4574809482602594e-001
  1.5497181259545489e-001  1.5895202997042343e-001  1.2209482945346990e+000  8.5211247268379170e-002 -1.1888897892085330e-002  4.1562516919780490e-001  3.8487789824584201e-001 -6.1686027223132878e-001  1.1819402683526828e-001 -6.1068311667572081e-002
 -7.0553082344194329e-001  7.2797264464623646e-001  2.8350430749995881e-002  6.9006956212565806e-001  4.1921485473769809e-002 -3.3413427102477611e-001 -3.0792672202809046e-001 -1.2054316501224255e-001 -4.6508365487226744e-001 -1.4608478563728669e-001
 -9.5925177099769665e-001 -5.4553039337992626e-001 -4.0556872319745285e-001  8.9969304699383759e-002  4.3705131792072893e-001  5.0677013428821616e-001  7.1289654035754671e-002 -6.7327447130137552e-002 -3.0694011224139617e-001 -7.2174130614678056e-001
 -9.2868672252323747e-001 -3.2281212168666529e-002  2.8324542362370791e-001 -6.6040747928184773e-001 -4.7002670465144136e-001 -2.5531812257260411e-001  7.8394308212002795e-001  2.2026968966433116e-001 -1.4440792010666345e-001  8.5950486895060019e-003
  1.1908671394410993e-002  4.8953554822365145e-002  2.7030212326899788e-001  2.5044273787990728e-001 -7.4438281367110182e-001  5.8215636756120615e-001 -3.6478169658316462e-001  4.8229015829319530e-002 -1.9481730542950668e-001  2.5770032828802425e-001
  4.7350870005958756e-001 -1.0730508808349453e+000  6.7096002496290191e-002  7.2107678356261906e-001 -3.4958048751364290e-001 -6.1458648235131064e-001  1.9055180486270398e-001  3.0443972755080928e-002 -2.9902586696480049e-002  4.5769378051349463e-001
 -4.0726617048560121e-001 -8.4418318466475739e-002  8.8998128011218258e-002 -1.9069096224290194e-001  4.3334401412714108e-001 -2.2811439889792851e-001 -6.3381155097947162e-001 -4.7723423891806649e-001 -5.4383222839442258e-001  9.0527115547267867e-001
 -3.2004043883541688e-001  1.5512622310996776e-001  6.5932096249053951e-001  3.6507996300449264e-001  1.6563466083557798e-001  6.8464445137369906e-003 -2.4380400579977118e-001  1.3698564509723636e+000  4.8127800786158137e-001 -1.5523657325254447e-001
  3.7893778302516629e-001  5.0696143708411204e-002  6.7590262527780087e-001 -6.0254291420017192e-001 -4.0917675621170968e-001 -4.3159115739191556e-001 -6.4835252940961052e-001  1.4922645929329054e-001 -8.7034059132608532e-001 -9.2075958066303543e-001
 -2.3413971348655205e-001 -8.9339823220965198e-001  4.7120007203553183e-001 -3.4838308349323527e-001  1.1854429763079785e-002  1.5001862487775828e-002 -3.0935370229516895e-003  1.0613791507242720e-001 -8.7593494873833583e-002  8.3647687802850867e-001
 -5.3442734935540881e-001  1.2384206166026944e-002  8.1224077760503027e-002 -6.9124986647627507e-002 -1.2764933293626296e-002  8.5068947941224349e-001  1.0821247869082635e+000 -8.3278713789558617e-002 -1.8242906576681234e-001 -4.8681746644694485e-001
 -1.2987423322286920e-001 -3.1610551940280684e-001  3.0710279052168660e-001 -5.0558631788209400e-002 -1.8076286890949986e-001 -7.2074405031826316e-001  2.9186632381785471e-001 -8.1421188427740421e-001 -2.8403602942907974e-001 -4.0423131634623055e-001
 -6.3665361344332005e-001  7.7909488692558615e-001  2.7515184504918577e-001  5.3153414173072844e-001  1.8095495843575116e-001 -1.1575520990957451e-001  9.3383050341770163e-002 -1.5633295535346170e-001 -2.3574287111470377e-001  9.2243643875323078e-001
 -5.6189191457189847e-001 -1.0854733315215492e-001 -1.1473203556849412e+000 -6.1946482848579121e-003  4.2813373049329895e-001 -5.2837796799115067e-001  5.7840392360361137e-001  5.4782969701969986e-001 -3.2808803164823652e-001  3.2787896561655894e-001
 -5.1917434223526893e-001  2.0687186007388517e-003 -3.2991931370727151e-001 -3.0652758209498948e-001 -1.2259099751614497e-001  4.0137817744894255e-001 -4.0323992009725235e-001 -3.5132813282490832e-001 -8.8216502577701705e-001 -2.3630989290333501e-001
  1.5871647780853998e-001 -3.1855414495587187e-001 -2.9754409351360345e-001  3.2723550187346961e-001  9.1582051010703780e-001  5.6864221843560070e-001 -5.1644689838698565e-001 -8.9818962869336327e-001  4.5897467810972820e-001 -3.1789907687317626e-002
  2.3335451526458145e-001  4.1042880230202383e-001  4.0322457567798081e-001 -9.3749086482305433e-001  4.5432154113815854e-001 -1.4439008701955264e-001  1.6948581709604002e-001 -2.8262147757453315e-001  2.6967848907179487e-001 -1.0769345511073837e-001
 -3.5290100045844308e-001 -1.2609016971514460e-002 -7.2382000803931845e-001 -2.0411765715578276e-002 -7.9305655048262003e-001  2.8052677343053743e-002 -4.3808099053159050e-002 -4.2795156084246799e-001  6.0823559580681641e-001  1.6954939955085399e-001
 -9.5994638861989401e-001  1.5977994822106617e-001  1.2812742994228726e-001  1.6089493588030368e-001  2.5192132597506217e-001 -1.4878907299909722e-001 -6.1066477731208058e-001  4.9088181978165929e-001  6.1034207285156211e-002 -5.4029069688833775e-001
