 -9.8066790261631076e-001  8.7448998279802592e-001
 -2.8305343212539197e-001 -1.7870194429065596e+000
 -9.0461070000823085e-001 -9.8628230104182857e-001
  4.3368330270731220e-001 -1.7380579671101688e+000
 -3.3019690746609454e-001  1.8816102483979849e+000
 -9.4397272487115835e-001 -6.7781145617555238e-001
 -8.7124105827150966e-001 -8.8613783731259832e-001
  1.7998721771129138e+000 -4.6492891684612514e-001
 -1.8641378080645454e+000  7.2132691238747393e-001
  3.0585699835532981e-001  9.5453088717282175e-001
  4.2934933481851462e-001  1.6103244075173679e+000
 -9.3168457815550643e-001  1.1638205609422501e+000
  3.8827401443387904e-001 -1.8686445648127552e+000
  1.1295901001178172e+000 -2.8537166262081648e-001
  5.0092258513237314e-002 -1.9988044731248560e+000
 -9.9893611880122379e-001 -6.6317979518821860e-002
  9.9386357046861196e-001 -2.8982010876467956e-001
  9.6591425729318958e-001  1.7306788134742850e+000
  9.3722429826740705e-001  1.3421150262007286e+000
 -1.5225598663899629e+000 -4.6360807175472751e-002
