 -1.1110697888144878e+000  3.6905789544385453e-001  7.2920552921448034e-001 -4.2847443920418715e-001 -3.2558066659661755e-001 -1.4465654526284950e+000 -2.0224085659255202e-002  1.5503062159856127e+000  9.2230876812127960e-001  1.1404581440230421e+000
  1.5092777909404804e+000 -4.5992984681349941e-001 -2.4554260512203940e-001 -5.5512646137750776e-001 -1.8651997436174714e+000 -1.2195709189112197e-001 -1.9679217757126555e+000 -1.4248750959518428e+000 -8.1556345638779426e-001  2.2223404831489502e-001
 -5.6402793610088053e-001  5.6047918457013290e-001  4.0273076601746371e-001  1.0593056356204295e-001 -1.8718870129434997e+000 -9.9366686709457752e-001  1.7677849646336035e+000  1.6106625259748026e+000 -1.0123369759917022e+000  6.0776659137740263e-001
 -1.0981806306146530e-001  3.0970829860712834e-001 -1.3245588099086854e+000  9.8593994643373228e-001  1.3559792736454929e-001  2.8150671230047226e-002  1.0015964191391451e+000  8.5799006528080646e-002  1.4468896133512495e-002 -1.2914400024570518e+000
  8.7702802373865441e-001 -5.9955107852294909e-001  3.4166677827547016e-002  4.5444313333172359e-001  6.1411380724843645e-001  8.7135068847338182e-002 -3.7193688015275456e-001  3.0270728793727675e-001 -3.9512527976833356e-002 -4.4801215556282553e-001
  6.8882213745587073e-001  1.1470043442495683e+000  8.6320796730831229e-001 -4.7180326822629304e-001  1.7206295945742422e+000 -9.1927310704643750e-001 -1.2344873056018493e+000  5.8678748622409993e-001  7.1127821329041185e-001  1.0565811136727492e+000
  3.3995500494567416e-001  4.4195266426309288e-001  6.8246720879448897e-001  1.6711889920958131e-001 -2.3623524924091583e+000  8.3913775481543093e-002  9.5564658343937625e-002  1.2213386723430246e-002 -2.3738972474670303e-001 -2.7534697940495018e-001
  1.1900798218550579e+000 -6.6705455203122299e-001  8.7111754531159979e-001 -7.9856189102027175e-001  6.9442401709101831e-001 -7.0357318374317968e-001 -8.4608409349087366e-001 -1.0734520052438552e+000 -6.8887108617896109e-001 -7.2354227462011367e-001
 -1.5363247693593787e-001 -4.6190789475651813e-002  1.3335277878980332e+000 -1.0031163853521424e-001  1.2209115415033431e+000 -1.2275314484176902e+000  5.7371210992301205e-002 -1.1377154788313812e-001  7.2692376058593899e-001  1.9524121519232884e+000
  1.3575578115989519e+000 -4.3041284719371020e-002  7.1514778147551927e-001 -1.4644509947508315e+000 -2.0237620747384981e+000 -8.3821541669785216e-001 -1.4272030990811013e-001 -1.5849819639360752e-001  1.5425476649857556e-001  1.2515451419349455e+000
