3.9822788570023464E-4
0.001828974026289924
8.214039214642366E-4
5.286095458676143E-4
0.0012002515910821874
9.973017782228706E-4
8.860787421631489E-4
4.206499531873756E-4
3.0911897719323165E-4
3.1228087555035255E-4
0.0015876588327361479
0.0010736670813280263
6.256874809980814E-4
0.00212732543533886
0.0012641891083234643
7.649985075397214E-4
6.633612594589659E-4
7.297271044559017E-4
0.0013279971298262305
5.174357958385983E-4
7.215010455090681E-4
0.0016681712501788182
8.551045614860475E-4
8.65224505154243E-4
6.679082068941772E-4
