0.028723365211784133
0.039730615988099995
0.037382072522317226
0.03815499404697507
0.03845385349440388
0.029260608584910593
0.03715579463557881
0.037791447767505544
0.03785161400415051
0.03783993942399054
0.03686792463043187
0.03806768208411893
0.03771156749546603
0.03817461642341901
0.03814027369959414
0.038255374055461956
0.036618808201903406
0.03710182547433651
0.037684983906386554
0.037261725734127595
0.0313461877961974
0.038561961938625905
0.03875463769781171
0.03532646920384096
0.03733876915365108
