0.00650322311165055
0.006509070464869815
0.006489127270277897
0.00650420547935549
0.006498353970015546
0.006493041816925498
0.006530923777948104
0.0064999604492737735
0.00654380640031752
0.0065114900012083815
0.00648771114118323
0.006496741383162536
0.0065190449887380705
0.006554053308703769
0.006501743504261724
0.0065135953478977805
0.006489503374717973
0.006527128625457352
0.006520557326410925
0.006519600871043216
0.006498271941971869
0.006507533326570417
0.00652491758279713
0.006502016100835779
0.006493269878895532
