7.538170104796201E-7
1.0129424599738775E-5
2.51043973511235E-6
9.72335050454148E-7
3.4817653441445313E-6
3.4293816025131877E-6
2.5305914532449473E-6
1.339762976404986E-6
8.731606984747566E-7
4.4237626152328717E-7
7.293838806944836E-6
2.158354492106972E-6
1.299841416817036E-6
6.903549536720065E-6
4.838797106236184E-6
1.92519028012781E-6
1.4510403219361484E-6
2.2642098342684224E-6
3.6420110915890853E-6
1.2413797077210638E-6
2.063533324053006E-6
7.650060164623E-6
2.3757205498594406E-6
2.344718373677194E-6
2.058040875700189E-6
