0.006746872134338622
0.006487471082256568
0.006681282543465865
0.00648910212067871
0.006483195618549577
0.006789267070318099
0.0066619592738774705
0.006931618047531512
0.006654183557665508
0.00660220157824885
0.006618795699725823
0.006679248644297828
0.006593260603452071
0.006488202616611924
0.00639130301940944
0.0066444262737523595
0.006639325631263863
0.006571605226058188
0.006683515815341558
0.0065191451742564
0.006666873621244681
0.006467334389710651
0.0064718965715785896
0.00638505903199006
0.0068956675680305534
