0.003343394569308657
0.003327352864377257
0.003347189377806082
0.0033357621411333875
0.0033325487877804917
0.0033443795864524935
0.003340367323256201
0.00336911038267065
0.0033491388696758216
0.0033491412389877874
0.003343824257987231
0.003348134404222146
0.003356975568025665
0.003348449196040611
0.003315950710277565
0.0033406256905639496
0.0033539454193182417
0.003333410485554851
0.003358634295020074
0.0033397456617869936
0.003349758710354618
0.0033481218013681146
0.003321276485083079
0.0033212118208641502
0.0033596526380861727
