  1.2266762081447860e+000  0.0000000000000000e+000  1.0243335183318261e+000  0.0000000000000000e+000  0.0000000000000000e+000  0.0000000000000000e+000  0.0000000000000000e+000  6.4001956478326372e-001  0.0000000000000000e+000  0.0000000000000000e+000  0.0000000000000000e+000 -5.5193111873069856e-002  0.0000000000000000e+000  0.0000000000000000e+000  0.0000000000000000e+000  0.0000000000000000e+000  0.0000000000000000e+000  0.0000000000000000e+000  0.0000000000000000e+000  0.0000000000000000e+000
  0.0000000000000000e+000  7.4075317057585588e-001  0.0000000000000000e+000  0.0000000000000000e+000  0.0000000000000000e+000  0.0000000000000000e+000  0.0000000000000000e+000  0.0000000000000000e+000  0.0000000000000000e+000  0.0000000000000000e+000  0.0000000000000000e+000  0.0000000000000000e+000  0.0000000000000000e+000  0.0000000000000000e+000  0.0000000000000000e+000  6.7177729961782418e-001  0.0000000000000000e+000  0.0000000000000000e+000  0.0000000000000000e+000  0.0000000000000000e+000
 -8.4345709977886374e-001  0.0000000000000000e+000 -3.0499635731302355e-001  0.0000000000000000e+000  0.0000000000000000e+000  0.0000000000000000e+000  0.0000000000000000e+000  9.1958044757575919e-001  0.0000000000000000e+000  0.0000000000000000e+000  0.0000000000000000e+000  1.1827767174257513e+000  0.0000000000000000e+000  0.0000000000000000e+000  0.0000000000000000e+000  0.0000000000000000e+000  0.0000000000000000e+000  0.0000000000000000e+000  0.0000000000000000e+000  0.0000000000000000e+000
  0.0000000000000000e+000  0.0000000000000000e+000  0.0000000000000000e+000  3.5336032227686420e-001 -1.0884748542899156e-001  0.0000000000000000e+000  0.0000000000000000e+000  0.0000000000000000e+000  0.0000000000000000e+000 -2.8584961802373360e-001  4.5660338207607301e-002  0.0000000000000000e+000 -8.7872771068169331e-001  0.0000000000000000e+000  0.0000000000000000e+000  0.0000000000000000e+000  0.0000000000000000e+000  0.0000000000000000e+000  0.0000000000000000e+000  8.5623871827539458e-002
  0.0000000000000000e+000  0.0000000000000000e+000  0.0000000000000000e+000 -3.7386215354126401e-001 -7.2597977849468409e-001  0.0000000000000000e+000  0.0000000000000000e+000  0.0000000000000000e+000  0.0000000000000000e+000  1.3937043480710104e-001  4.0623647325675549e-001  0.0000000000000000e+000 -4.7347743550468446e-002  0.0000000000000000e+000  0.0000000000000000e+000  0.0000000000000000e+000  0.0000000000000000e+000  0.0000000000000000e+000  0.0000000000000000e+000  3.8273548600119417e-001
  0.0000000000000000e+000  0.0000000000000000e+000  0.0000000000000000e+000  0.0000000000000000e+000  0.0000000000000000e+000  4.2393741442133259e-001  0.0000000000000000e+000  0.0000000000000000e+000  8.6083206903605325e-001  0.0000000000000000e+000  0.0000000000000000e+000  0.0000000000000000e+000  0.0000000000000000e+000 -2.7677658328032612e-001  0.0000000000000000e+000  0.0000000000000000e+000 -5.1380351502615468e-002  0.0000000000000000e+000  0.0000000000000000e+000  0.0000000000000000e+000
  0.0000000000000000e+000  0.0000000000000000e+000  0.0000000000000000e+000  0.0000000000000000e+000  0.0000000000000000e+000  0.0000000000000000e+000  4.3910077221117566e-001  0.0000000000000000e+000  0.0000000000000000e+000  0.0000000000000000e+000  0.0000000000000000e+000  0.0000000000000000e+000  0.0000000000000000e+000  0.0000000000000000e+000  4.4480636621403713e-001  0.0000000000000000e+000  0.0000000000000000e+000 -7.9196990102667597e-001  1.4851584190317544e+000  0.0000000000000000e+000
  1.9300750936934857e-001  0.0000000000000000e+000 -4.0978649198844169e-001  0.0000000000000000e+000  0.0000000000000000e+000  0.0000000000000000e+000  0.0000000000000000e+000 -1.0283232826443962e+000  0.0000000000000000e+000  0.0000000000000000e+000  0.0000000000000000e+000  6.6962568044490312e-001  0.0000000000000000e+000  0.0000000000000000e+000  0.0000000000000000e+000  0.0000000000000000e+000  0.0000000000000000e+000  0.0000000000000000e+000  0.0000000000000000e+000  0.0000000000000000e+000
  0.0000000000000000e+000  0.0000000000000000e+000  0.0000000000000000e+000  0.0000000000000000e+000  0.0000000000000000e+000 -2.6977002433720743e-001  0.0000000000000000e+000  0.0000000000000000e+000  3.1660606882006295e-002  0.0000000000000000e+000  0.0000000000000000e+000  0.0000000000000000e+000  0.0000000000000000e+000 -1.3791945010643952e-001  0.0000000000000000e+000  0.0000000000000000e+000 -9.5247045372720229e-001  0.0000000000000000e+000  0.0000000000000000e+000  0.0000000000000000e+000
  0.0000000000000000e+000  0.0000000000000000e+000  0.0000000000000000e+000 -6.8388617803426732e-001  4.2569279122495918e-001  0.0000000000000000e+000  0.0000000000000000e+000  0.0000000000000000e+000  0.0000000000000000e+000  1.4669148049171682e-001  3.0881329993764284e-001  0.0000000000000000e+000 -3.8764179463561604e-001  0.0000000000000000e+000  0.0000000000000000e+000  0.0000000000000000e+000  0.0000000000000000e+000  0.0000000000000000e+000  0.0000000000000000e+000 -2.8971561465898887e-001
  0.0000000000000000e+000  0.0000000000000000e+000  0.0000000000000000e+000 -3.1546691925621162e-001  1.9155542214675375e-001  0.0000000000000000e+000  0.0000000000000000e+000  0.0000000000000000e+000  0.0000000000000000e+000  1.4077837237816140e-001 -6.2786405392514355e-001  0.0000000000000000e+000 -1.6568401242718078e-001  0.0000000000000000e+000  0.0000000000000000e+000  0.0000000000000000e+000  0.0000000000000000e+000  0.0000000000000000e+000  0.0000000000000000e+000  6.4984931390780432e-001
  3.2733843617815273e-001  0.0000000000000000e+000 -8.4495518714231344e-001  0.0000000000000000e+000  0.0000000000000000e+000  0.0000000000000000e+000  0.0000000000000000e+000  6.2881314921180986e-001  0.0000000000000000e+000  0.0000000000000000e+000  0.0000000000000000e+000  2.9499721195099915e-002  0.0000000000000000e+000  0.0000000000000000e+000  0.0000000000000000e+000  0.0000000000000000e+000  0.0000000000000000e+000  0.0000000000000000e+000  0.0000000000000000e+000  0.0000000000000000e+000
  0.0000000000000000e+000  0.0000000000000000e+000  0.0000000000000000e+000 -6.8538315074774467e-002 -4.4215215200690611e-001  0.0000000000000000e+000  0.0000000000000000e+000  0.0000000000000000e+000  0.0000000000000000e+000  4.4491474661219799e-001 -5.1411446180921483e-001  0.0000000000000000e+000 -1.9747764957055874e-001  0.0000000000000000e+000  0.0000000000000000e+000  0.0000000000000000e+000  0.0000000000000000e+000  0.0000000000000000e+000  0.0000000000000000e+000 -5.4639156304621428e-001
  0.0000000000000000e+000  0.0000000000000000e+000  0.0000000000000000e+000  0.0000000000000000e+000  0.0000000000000000e+000  5.3676872290799449e-001  0.0000000000000000e+000  0.0000000000000000e+000 -2.3317405162490784e-002  0.0000000000000000e+000  0.0000000000000000e+000  0.0000000000000000e+000  0.0000000000000000e+000  7.9950197141404222e-001  0.0000000000000000e+000  0.0000000000000000e+000 -2.6857444857854407e-001  0.0000000000000000e+000  0.0000000000000000e+000  0.0000000000000000e+000
  0.0000000000000000e+000  0.0000000000000000e+000  0.0000000000000000e+000  0.0000000000000000e+000  0.0000000000000000e+000  0.0000000000000000e+000  1.9717730807859218e-001  0.0000000000000000e+000  0.0000000000000000e+000  0.0000000000000000e+000  0.0000000000000000e+000  0.0000000000000000e+000  0.0000000000000000e+000  0.0000000000000000e+000  5.5193188215395461e-001  0.0000000000000000e+000  0.0000000000000000e+000  1.2352811385060654e+000  5.4023866992780745e-001  0.0000000000000000e+000
  0.0000000000000000e+000 -6.7177729961782495e-001  0.0000000000000000e+000  0.0000000000000000e+000  0.0000000000000000e+000  0.0000000000000000e+000  0.0000000000000000e+000  0.0000000000000000e+000  0.0000000000000000e+000  0.0000000000000000e+000  0.0000000000000000e+000  0.0000000000000000e+000  0.0000000000000000e+000  0.0000000000000000e+000  0.0000000000000000e+000  7.4075317057585666e-001  0.0000000000000000e+000  0.0000000000000000e+000  0.0000000000000000e+000  0.0000000000000000e+000
  0.0000000000000000e+000  0.0000000000000000e+000  0.0000000000000000e+000  0.0000000000000000e+000  0.0000000000000000e+000  6.7777617303249782e-001  0.0000000000000000e+000  0.0000000000000000e+000 -5.0736776948034401e-001  0.0000000000000000e+000  0.0000000000000000e+000  0.0000000000000000e+000  0.0000000000000000e+000 -5.1494615828751089e-001  0.0000000000000000e+000  0.0000000000000000e+000 -1.3426786595047963e-001  0.0000000000000000e+000  0.0000000000000000e+000  0.0000000000000000e+000
  0.0000000000000000e+000  0.0000000000000000e+000  0.0000000000000000e+000  0.0000000000000000e+000  0.0000000000000000e+000  0.0000000000000000e+000  1.3051892050285541e+000  0.0000000000000000e+000  0.0000000000000000e+000  0.0000000000000000e+000  0.0000000000000000e+000  0.0000000000000000e+000  0.0000000000000000e+000  0.0000000000000000e+000 -2.7031678816785515e-001  0.0000000000000000e+000  0.0000000000000000e+000  7.2671411185125290e-001 -2.7176479668251363e-001  0.0000000000000000e+000
  0.0000000000000000e+000  0.0000000000000000e+000  0.0000000000000000e+000  0.0000000000000000e+000  0.0000000000000000e+000  0.0000000000000000e+000  8.7683393064311077e-001  0.0000000000000000e+000  0.0000000000000000e+000  0.0000000000000000e+000  0.0000000000000000e+000  0.0000000000000000e+000  0.0000000000000000e+000  0.0000000000000000e+000  1.0416959416472951e+000  0.0000000000000000e+000  0.0000000000000000e+000 -5.5897168934143315e-001 -1.0425957744632248e+000  0.0000000000000000e+000
  0.0000000000000000e+000  0.0000000000000000e+000  0.0000000000000000e+000  4.0428503621240675e-001  2.1840153010805435e-001  0.0000000000000000e+000  0.0000000000000000e+000  0.0000000000000000e+000  0.0000000000000000e+000  8.1214518741791053e-001  2.8105952579410898e-001  0.0000000000000000e+000 -9.4239199161419165e-002  0.0000000000000000e+000  0.0000000000000000e+000  0.0000000000000000e+000  0.0000000000000000e+000  0.0000000000000000e+000  0.0000000000000000e+000  2.0346766818569914e-001
