 -1.2141938635865743e+000  0.0000000000000000e+000 -1.3639853301440072e+000  0.0000000000000000e+000  0.0000000000000000e+000  0.0000000000000000e+000  0.0000000000000000e+000  0.0000000000000000e+000  0.0000000000000000e+000  0.0000000000000000e+000
  0.0000000000000000e+000  1.7732008745966066e-001  0.0000000000000000e+000  0.0000000000000000e+000  0.0000000000000000e+000  0.0000000000000000e+000  5.0497678803329038e-001  8.4472245745622254e-001  0.0000000000000000e+000  0.0000000000000000e+000
 -1.2718322651306557e+000  0.0000000000000000e+000  2.1844901041953724e-001  0.0000000000000000e+000  0.0000000000000000e+000  0.0000000000000000e+000  0.0000000000000000e+000  0.0000000000000000e+000  0.0000000000000000e+000  0.0000000000000000e+000
  0.0000000000000000e+000  0.0000000000000000e+000  0.0000000000000000e+000  4.0876879520127712e-001  0.0000000000000000e+000  0.0000000000000000e+000  0.0000000000000000e+000  0.0000000000000000e+000 -1.1353631461919969e+000  0.0000000000000000e+000
  0.0000000000000000e+000  0.0000000000000000e+000  0.0000000000000000e+000  0.0000000000000000e+000  1.0000000000000000e+000  0.0000000000000000e+000  0.0000000000000000e+000  0.0000000000000000e+000  0.0000000000000000e+000  0.0000000000000000e+000
  0.0000000000000000e+000  0.0000000000000000e+000  0.0000000000000000e+000  0.0000000000000000e+000  0.0000000000000000e+000 -1.7728790045870549e-001  0.0000000000000000e+000  0.0000000000000000e+000  0.0000000000000000e+000 -9.8415903204255772e-001
  0.0000000000000000e+000  2.7300043943902841e-001  0.0000000000000000e+000  0.0000000000000000e+000  0.0000000000000000e+000  0.0000000000000000e+000  7.9940098187394626e-001 -5.3519046165367024e-001  0.0000000000000000e+000  0.0000000000000000e+000
  0.0000000000000000e+000  9.4553072221340062e-001  0.0000000000000000e+000  0.0000000000000000e+000  0.0000000000000000e+000  0.0000000000000000e+000 -3.2550962155757041e-001 -3.8909669816292458e-003  0.0000000000000000e+000  0.0000000000000000e+000
  0.0000000000000000e+000  0.0000000000000000e+000  0.0000000000000000e+000 -1.8618053982335716e+000  0.0000000000000000e+000  0.0000000000000000e+000  0.0000000000000000e+000  0.0000000000000000e+000  2.7845871767110902e-001  0.0000000000000000e+000
  0.0000000000000000e+000  0.0000000000000000e+000  0.0000000000000000e+000  0.0000000000000000e+000  0.0000000000000000e+000 -9.8415903204255772e-001  0.0000000000000000e+000  0.0000000000000000e+000  0.0000000000000000e+000  1.7728790045870554e-001
