0.010753254109329424
0.01206680932965265
0.012963536936528339
0.019977492004606134
0.012489773242851845
0.012667846934781068
0.01228590194648127
0.013744642354917458
0.01493265709126712
0.01474832685068117
0.018081257337478562
0.011325857868958455
0.011158243221601277
0.01581945432415066
0.0202625884658114
0.010972894799094607
0.012777206120334839
0.012445307279915274
0.012112955918789026
0.019681393238385747
0.01639793350633506
0.013580201219057536
0.01303233484465649
0.016025727295258724
0.013345786381003394
