2.4489082720838696E-4
2.7275179172513316E-4
2.0702729287343455E-4
2.564481486030891E-4
2.7675341425948666E-4
2.129526950017983E-4
2.553505259836082E-4
2.2732620377280055E-4
2.4764666194040166E-4
2.5098229951385666E-4
2.7598551663537757E-4
2.4252694382426054E-4
2.0564669477207863E-4
2.892729193617806E-4
2.1182686667621048E-4
2.311165426478034E-4
2.3582466710333043E-4
2.2317412674209496E-4
2.293067840691927E-4
2.794951413089683E-4
2.4200996560972E-4
2.4620101059559426E-4
2.515322549313503E-4
2.4116974119595968E-4
2.8967143640080506E-4
