1.7902916462715494E-4
1.9104646246263554E-4
1.907433485194743E-4
2.0426054804003588E-4
1.7461036989473315E-4
1.8547628032314093E-4
1.7829775670436638E-4
1.932338969274618E-4
1.897346198545064E-4
1.8782362048539098E-4
2.007610128537347E-4
1.7587413035122866E-4
1.858837572713592E-4
2.0214069418792382E-4
2.2590159064830103E-4
1.87394367411475E-4
1.771870315832599E-4
1.9120839567407565E-4
1.907088125219548E-4
2.1038294349037072E-4
1.88613864503136E-4
1.8913602405822014E-4
1.86340413710994E-4
2.2057523717423902E-4
1.8823866364499656E-4
