0.0038977508115391334
0.004196301917342331
0.003992523631835933
0.004126458149494595
0.0037867833927190506
0.0036803559078075598
0.0038457618865109173
0.0038805338212117573
0.0038185945830851147
0.004208135718997052
0.004176085899403038
0.004061787251206902
0.0038908862260313183
0.004281643248898719
0.0042032749602272735
0.003961625498126301
0.0036593656986373723
0.0040407269029585835
0.003941846767391324
0.0044595744015611975
0.0038417046719949814
0.003858712373609769
0.003901006494869642
0.004409021512719651
0.003936816543309694
