0.014487363710573797
0.011882113682170625
0.013326576391570887
0.014238968190523282
0.013979906604639103
0.01752874013997263
0.014558672266790196
0.013883070656077356
0.012095724399999452
0.01307135041999466
0.013176830157594521
0.015306448704968667
0.012773328864422173
0.013521500674447184
0.014877557128495422
0.01644030735288582
0.01394502978416634
0.01200533228378542
0.015023013103475036
0.011862057531498058
0.01533180654063758
0.012247741543635393
0.01532808842512412
0.011585491371645107
0.017052439178035506
