2.3296020741296809E-4
2.0215043788739578E-4
2.513417883238929E-4
2.5607222534049104E-4
2.4107350624413376E-4
2.9243183089958883E-4
1.8988231496551395E-4
2.0794962434161383E-4
2.231145675297135E-4
2.9188256676777776E-4
2.1819552886277152E-4
2.0515782833998298E-4
2.1293790635405267E-4
2.7355393365442374E-4
2.4633506840034364E-4
2.9876764896162193E-4
2.308078672512567E-4
2.842591087792869E-4
2.4321814083963156E-4
2.2404534797074843E-4
3.229940536607594E-4
2.656635819663461E-4
3.07154825908521E-4
2.5212932469051685E-4
2.578314943749034E-4
