2.159858636243339E-4
1.9282846910077762E-4
2.0121807114910145E-4
2.0310671076090517E-4
1.9016639211761783E-4
2.066681068883368E-4
2.1144521593698243E-4
2.0756469027488375E-4
1.959522606407442E-4
2.0869578515891958E-4
2.0505947357856596E-4
2.0843291932575676E-4
2.0997685507930227E-4
2.0236661400601695E-4
2.0773865766048833E-4
1.9741405945469424E-4
2.018335887025109E-4
2.083767558601108E-4
1.9804340455110677E-4
1.9900032390178464E-4
2.075714117842774E-4
1.9266667637148096E-4
1.9480175027833778E-4
1.966588398727442E-4
1.9858260283728258E-4
