0.004721811139605804
0.004073177324902508
0.004149212632901295
0.004509342785171279
0.004098977223978711
0.004469394067871819
0.0040887627331851525
0.004274309338453974
0.004048973788001594
0.004172888145962129
0.004339714374154888
0.004343857061485861
0.00444439107390353
0.0042146204165393825
0.004267483283721201
0.00436827535517035
0.0040437286830915554
0.004195362418235378
0.004202650434976143
0.004519560171619452
0.004613489038094545
0.004388677478078046
0.004369665424139962
0.004057455357273042
0.004409281241757947
