# Problem 2KP100-50 (set 1.A) : N=100/P=2/K=1/r=0.5

# N
100

# P
2

# K
1

# Objectif 1
5
27
9
6
28
61
30
47
50
57

40
39
18
64
23
69
43
31
24
66

8
31
31
30
52
48
50
20
17
24

31
7
11
46
37
64
37
46
59
27

8
20
59
69
11
68
57
54
52
26

23
24
55
56
13
14
64
58
22
14

65
53
26
34
54
52
34
49
30
68

10
63
9
12
40
30
58
20
52
41

23
70
11
22
61
8
67
37
25
19

45
22
63
54
59
11
57
16
59
24

# Objectif 2
45
46
60
14
28
47
10
49
69
30

65
9
6
7
80
43
18
57
25
63

20
64
27
71
57
49
22
74
38
11

66
49
55
22
39
42
29
61
54
67

33
56
35
5
13
43
50
47
59
41

40
4
68
36
55
55
46
23
36
4

26
8
73
25
50
16
74
5
43
66

24
57
21
32
36
27
15
80
62
64

58
34
7
60
30
77
70
54
35
39

63
43
36
12
70
71
33
54
70
28

# Contrainte 1
8
25
21
6
27
8
9
27
5
16

21
13
15
20
15
7
23
9
25
7

25
20
10
23
9
24
23
24
7
10

4
20
22
28
15
16
17
26
29
27

16
19
25
16
18
21
11
6
2
7

9
3
5
3
14
4
24
4
30
11

14
29
13
27
7
7
4
14
4
18

2
15
6
11
29
2
23
8
8
3

6
18
23
11
7
20
11
2
10
18

7
18
19
19
22
15
24
21
21
29

750
