# Problem 2KP50-50 (set 1.A) : N=50/P=2/K=1/r=0.5

# N
50

# P
2

# K
1

# Objectif 1
80
59
52
38
86
58
94
44
66
40

81
72
40
37
72
98
34
34
32
100

83
40
43
38
56
88
93
92
100
98

79
96
93
62
90
76
94
53
50
49

57
56
66
91
93
78
76
31
36
82

# Objectif 2
62
80
67
92
35
41
95
89
53
52

63
54
89
42
31
54
31
31
82
87

67
58
51
65
80
36
67
47
58
49

53
57
94
51
48
90
35
43
61
57

57
76
92
45
39
33
50
56
68
47

# Contrainte 1
25
26
28
25
20
38
38
49
28
22

34
39
26
21
36
47
38
50
39
50

45
27
49
24
48
32
47
24
43
27

32
48
35
22
34
31
31
36
50
23

33
24
28
35
22
26
32
21
20
29

828
