0.01926346427220682
0.020806053445968878
0.019990107775337773
0.017617988888181835
0.01841996790771938
0.014676699512340408
0.02112700745418422
0.027258579281278932
0.019189307355542612
0.022621145034905893
0.030132684365084553
0.015417213129420848
0.0132917325864646
0.05042260895917329
0.01454378314724647
0.02191376156513075
0.020731296700433943
0.015384034378734368
0.016897415317845416
0.01780140097132188
0.016916903702179076
0.018747349672390445
0.013218522273374056
0.022151035698248556
0.019974450061034155
