5.730465867571697E-4
0.0013057777263402268
5.28381251110856E-4
6.501345592394336E-4
3.594168960819471E-4
4.5179015522632754E-4
0.0010074531018812959
2.0887074255483066E-4
7.159415041717997E-4
0.001460384963047014
1.496250926243368E-4
2.750222678439372E-4
3.6681923310802225E-4
5.61939782506546E-4
5.649674661608189E-4
7.183451716243423E-4
8.119982965463275E-4
2.4800595982486144E-4
6.83348257165119E-4
6.071266967844483E-4
4.964881225153185E-4
4.4677037413573317E-4
2.3799687727154258E-4
5.118604431802812E-4
6.591839232773722E-4
