2.701103416202599E-4
4.459653133255942E-4
2.599412742233271E-4
2.797417393447229E-4
2.3685456107012666E-4
2.4761743135583446E-4
3.6046908021968905E-4
2.8616114111313284E-4
2.979131006575772E-4
4.908150369915919E-4
3.3822873634335835E-4
2.239844646711052E-4
2.206031699011068E-4
6.256613241121452E-4
2.56022181779586E-4
3.1254761075351985E-4
3.341707292945644E-4
2.112965285020281E-4
2.9823539940065626E-4
2.7755812519875963E-4
2.4669645954121224E-4
2.5824380166953177E-4
2.1900947423306237E-4
2.8577454894748234E-4
2.944419116418025E-4
