0.00781965876788283
0.013591526872237598
0.007362455775367458
0.008321792254514156
0.0060886136064426345
0.006814403273787038
0.010625783570516897
0.005265836889071889
0.008916946412910362
0.015144283042839077
0.004812178808630895
0.00539594893875364
0.005526665740724262
0.008951287681098315
0.007309105941758108
0.009197901659161248
0.010004169898174563
0.005056442488807877
0.008679774334154778
0.00799417998380323
0.006863346998219772
0.006736716693454329
0.005104007248221361
0.007607854888317287
0.008620501275433743
