0.015382570689585595
0.015422893598529247
0.012066626361258187
0.012523427222953742
0.014028552283168405
0.016182291011327177
0.0127127282869538
0.011891131511180875
0.0944470839099778
0.011359086771944527
0.012384082442005229
0.011792558659004776
0.010993748222069166
0.01233593323533555
0.01268494494933825
0.017696251739996727
0.017108717867508894
0.012043027962573921
0.011126819465517801
0.012158993452524386
0.013394783689886225
0.013421040059736877
0.014597133196677659
0.02790234627749938
0.015197243975668295
