3.1198997005284625E-4
6.030863810413214E-4
1.9206047649672248E-4
1.1186227459874678E-4
1.259077426920194E-4
2.855155700791257E-4
1.0124304138488836E-4
2.570201007315684E-4
4.869303615040371E-4
2.377630596210035E-4
2.3166404315844936E-4
2.7216804026223754E-4
2.608211690012623E-4
3.0081933132266464E-4
2.816344410703781E-4
3.2497059791662355E-4
5.623508585943195E-4
2.5492665415295977E-4
9.595566627542814E-5
3.743771981801389E-4
3.5692153516809366E-4
3.6522530998537174E-4
2.9526030873135785E-4
0.003690708150891128
5.274685001223538E-4
