2.0134844707860277E-4
2.59099110161448E-4
1.8086315578734192E-4
1.737862069021633E-4
1.7451539848644854E-4
1.946576615711475E-4
1.785329037580512E-4
1.873405762586765E-4
0.0015008659010762539
1.8017053295163227E-4
1.7912871910825208E-4
1.948162317613405E-4
1.8016930326393408E-4
1.9193834917534609E-4
1.8726860694223522E-4
2.0713313845926678E-4
2.470263265127917E-4
1.8913841343438015E-4
1.8230679492149183E-4
2.0330009223742856E-4
2.0296503760860993E-4
2.0107985955006058E-4
1.9495401818909336E-4
2.7609913403487985E-4
2.3891448640950174E-4
