0.005256957303417955
0.007601851756563101
0.0041748689754057605
0.003278211952879194
0.0035296837853041646
0.00495373463815237
0.0034901869441120036
0.004694256868247886
0.013783250004788253
0.004496815704635926
0.0043437927884912644
0.0049112225958873185
0.004576958294764711
0.005014937379120953
0.004886789570954927
0.005255690842026186
0.007199326090881221
0.004652713587553914
0.0035178072134046893
0.00564699101357815
0.00551248880575304
0.005388978913756146
0.005015482061416881
0.006617970281713131
0.006878646487460963
