0.09570709031301061
0.01384991595031615
0.014569570684964395
0.010685631720058063
0.011853244627213266
0.012391730464662964
0.02573840440785719
0.016964305324479623
0.012349817837735338
0.013100050350862036
0.03729980980517758
0.04645256244248971
0.01763920233558669
0.01672514950522805
0.015517490386955268
0.014898683590640838
0.012311018539833518
0.015118476979049666
0.012603371672561259
0.016900271861123084
0.016440575704352214
0.01545707145872216
0.013551656073004431
0.018476589540998067
0.018364019805564846
