4.4772917405930577E-4
4.342071359054858E-4
2.9043230274429575E-4
2.4506766317690664E-4
3.195607480043058E-4
3.878497548684796E-4
4.842502882646738E-4
2.188056048769324E-4
2.8256801733981163E-4
1.8238926618856937E-4
5.916621207609909E-4
6.736460009491583E-4
7.011517874366627E-4
4.5240493223917355E-4
1.8762968715192887E-4
3.1128821448773113E-4
2.3233351986548742E-4
2.82601032361646E-4
3.020235933368504E-4
4.5343768539331085E-4
8.137605903529585E-4
5.040735914572088E-4
2.0481132188826588E-4
7.359489218912975E-4
7.530283870065998E-4
