0.0015266347440242676
2.2550383570987747E-4
2.0719496467544723E-4
1.9022901831218194E-4
2.0231114780368584E-4
2.1089433823939379E-4
3.005167245827126E-4
1.9766985635632253E-4
1.9816453175137963E-4
1.817344323074761E-4
4.228883315640072E-4
5.750510903627382E-4
2.84841691407488E-4
2.3569798151403315E-4
1.9789318985786346E-4
2.1165137296905897E-4
1.8845140958483866E-4
2.0829999895334735E-4
1.974098614708388E-4
2.320346900919268E-4
3.212599928176527E-4
2.4319619039571018E-4
1.9142653434672599E-4
2.9626727339052703E-4
3.011942003086559E-4
