0.013936248008020277
0.006306827182366584
0.005200029135889231
0.004633125629462119
0.005340792992613276
0.005536142629719802
0.007107370209870547
0.004574096424415714
0.004774061027391073
0.004149761838118576
0.008225846643729502
0.009182796040296277
0.00857322452479838
0.006519852148939062
0.004409747231767102
0.005337817618998284
0.004569271454672915
0.005219796265195741
0.0050946000649356935
0.006050764861938288
0.009770686695769653
0.007022183537807954
0.0044919604943172665
0.008925808199498493
0.009129065933978784
