0.014386692151384994
0.013478933564631701
0.011942510143159502
0.011973260603329372
0.010564574245559344
0.015410010801603757
0.01190723543512251
0.013042760596885805
0.014308067637205157
0.012321065186240765
0.013296427716205539
0.018800674298353415
0.013314183116567069
0.013491027685621715
0.01040940926066175
0.01433067684588718
0.011640314956131381
0.010414986094934409
0.011462281669095187
0.017172512409845964
0.012880385387463167
0.011571890496662962
0.014155130632643287
0.011324270292921712
0.012639482529226531
