1.7599056046117435E-4
1.663272935117883E-4
1.7057866278223652E-4
1.5721849822132597E-4
1.31923516127354E-4
1.7866252083935735E-4
2.143110346607829E-4
1.3139700298234067E-4
1.0011785991006028E-4
1.7740681330572167E-4
1.4116093069348583E-4
1.5290901783705796E-4
1.0742709600741542E-4
1.8087305903779198E-4
1.5354304037805367E-4
1.614967256570043E-4
1.657764909109415E-4
9.380894413207458E-5
1.0224727752998903E-4
1.780798456947563E-4
1.4919862688006643E-4
1.0038495621146601E-4
1.7358925320578152E-4
1.5775259394334044E-4
1.5278440066475527E-4
