1.915407874762139E-4
1.794399100631032E-4
1.8053868592239082E-4
1.772980449885629E-4
1.7095455358939854E-4
1.8480849181461885E-4
1.956697444756171E-4
1.8352795608200372E-4
1.7829776648378085E-4
1.7898471373926485E-4
1.896364670735337E-4
1.8928330212907867E-4
1.767586353090738E-4
2.001100452613193E-4
1.758297249556143E-4
1.890746606481534E-4
1.8310314569942908E-4
1.747346590235909E-4
1.82623444123794E-4
2.0753564048175087E-4
1.7746253745445478E-4
1.6908669738605866E-4
2.097946821669523E-4
1.7867662428461297E-4
1.9092542538505744E-4
