0.003525402541050678
0.0034176459247212505
0.0033215645858188517
0.0033424257398964544
0.0032326283662928185
0.0036424642645802893
0.0034553318554077033
0.0033154055146988578
0.0031902902973159385
0.003418767388719783
0.0035306256627282502
0.003521586152349158
0.003301023343508149
0.0036009392094602513
0.003340180794039095
0.0034739545921844616
0.0033076237002817844
0.0031442519479536767
0.0033407450836619983
0.0038121143601248424
0.00343139241348948
0.0030263993711400726
0.00372243353009785
0.0036701918262666733
0.0034468353863363705
