0.012950305186308242
0.01296561172231564
0.012083939086201978
0.011299514200416971
0.013558481787133148
0.011106085995759796
0.012570317204186887
0.012410939075221394
0.0169917318576448
0.012550560523437171
0.014350004324387322
0.01644476659821581
0.012576246228707788
0.010716675835227618
0.017333794779546496
0.010373996862821672
0.01223428257596948
0.01844316495120213
0.011953380289299265
0.014244752059947685
0.012626599565271235
0.013560032438453495
0.016482673326422725
0.014464761512284041
0.013786757635863678
