1.6642644971133193E-4
2.171497650005497E-4
2.2240084886213186E-4
2.1190139323491172E-4
1.2872835111454907E-4
2.6519332933428423E-4
1.393445841462361E-4
1.5443171715327534E-4
2.0983582529921424E-4
1.8434494294816212E-4
1.830511425289469E-4
2.355440671226865E-4
2.0463414221562475E-4
1.9563869263189112E-4
2.658378985976789E-4
1.6957332629242267E-4
1.8055151817361576E-4
1.5025549837956512E-4
1.7993533767813493E-4
1.759396187683446E-4
1.569832756759564E-4
1.3358552115419155E-4
2.198778993796566E-4
1.9223023670541278E-4
2.48389334016115E-4
