1.987491359011229E-4
1.9769283352472162E-4
1.8988799747495576E-4
1.8641899208542945E-4
1.9598865567346335E-4
2.0084510857978685E-4
1.9812034904053945E-4
1.823167616053808E-4
1.9895284401547184E-4
1.9220133181829135E-4
1.999478362145495E-4
2.07527646369378E-4
1.9174049677266904E-4
1.8248395348520146E-4
2.0368210557706183E-4
1.8816315522042729E-4
1.914249177601744E-4
1.908002657262486E-4
1.8430904033851073E-4
1.9563228386797852E-4
1.803482730145099E-4
1.935479037158673E-4
1.9667689242861382E-4
2.015564769536134E-4
1.8228573876243403E-4
