0.0036581920291880988
0.0035414597475724864
0.0038385531003722263
0.003670927349450115
0.0036600245657333413
0.004329083693955232
0.0036735577831345043
0.0035372351483235623
0.003602860856482812
0.0034606966371755732
0.003757773964170276
0.004100092502993182
0.003857560452755411
0.0037403488378251527
0.004032313177439922
0.0036738283049847654
0.00363844709087576
0.003690523810411194
0.0037327969304380855
0.0036419228328289375
0.0035069950519037024
0.0034636046244408696
0.0037890188733199597
0.003880023692490758
0.0037548892405627676
