3.365940767189801E-4
0.001153189082103382
0.0012822555262137823
0.001352938237104806
0.001933073180526268
2.490974741594246E-4
3.757063105044573E-4
0.00166111851575736
0.001574652338767496
0.0014851877488805103
0.0013517874490852906
0.0010053190347484014
8.186251336769149E-4
6.712393565273221E-4
0.001102668568305069
8.518770346854325E-4
0.0014848432936518494
0.0022644868421583045
0.0013055062619569957
0.0011885835357766592
0.005370005801441529
7.876240967831247E-4
7.126337863339466E-4
5.869545157980126E-4
6.265394694886829E-4
