0.03890644365482683
0.03684049044623307
0.038483294441644625
0.037355214605136466
0.03838636843431106
0.037300850344915946
0.03605639778626865
0.03730057035898203
0.037513522616057254
0.03693623013920841
0.03789227789208372
0.038126478947797186
0.03931168266743501
0.03722973798364519
0.036291572265146003
0.038177243874125445
0.03800928496639448
0.03850376850879656
0.03831664919123747
0.03773656592072648
0.038815138130377014
0.028147496966172775
0.03652362694871376
0.0371230999231745
0.03849161066013095
