0.00650630179932523
0.006510285957878248
0.006503627134048615
0.006512612641160898
0.006488783719322765
0.006493933109372363
0.006498901503775048
0.006512991858355694
0.006506121683950918
0.006532643379922134
0.006536654860214353
0.006530167605992942
0.006570118172311461
0.006514807473660447
0.006527260522508135
0.006511283597395161
0.006511972132972393
0.006498755537363019
0.006510550352587314
0.006495196995211513
0.006492579812384526
0.006515097393716199
0.006527912394425045
0.006508913656770088
0.006496889106802958
