6.562754843375638E-7
5.276931165551796E-6
3.3079945494622275E-6
5.4434290731049145E-6
9.631477561010544E-6
2.86129984683218E-7
9.354126049396108E-7
7.600691023672792E-6
7.248024538215967E-6
3.2666536037837964E-6
5.1515498739934855E-6
2.2091375812069247E-6
2.1933234108137774E-6
1.4820489189339988E-6
2.6452962352692835E-6
2.3595829158563653E-6
6.870796617112256E-6
1.8228772420295296E-5
5.317897502420122E-6
4.292946163807886E-6
4.380296123150836E-5
2.227823829488211E-6
1.6633666740989358E-6
1.1473699602453428E-6
1.303249370779442E-6
