0.01116292552956133
0.016344226314759958
0.011833840870533296
0.01275821592833648
0.01193095375570341
0.013168360558547199
0.014151175971694352
0.01330441845370578
0.013312099108893749
0.011378271898662695
0.011407315112701766
0.010830979301357457
0.012016803019948896
0.013098547587995779
0.013792517018162753
0.010055502989268161
0.013476524394295919
0.013556213123766758
0.01361438438463769
0.013075991017832744
0.15355404143973295
0.012243239717614984
0.014637936850550703
0.012553291625277574
0.01587714568577414
