2.2903731950874276E-4
2.1257182469875289E-4
2.5461156282962575E-4
2.1772828394074045E-4
1.800474446098894E-4
2.0746109579980004E-4
2.0272365191512405E-4
1.822077495000059E-4
2.2427241430055957E-4
1.64426418264134E-4
1.8546322920598294E-4
1.9529506710734722E-4
1.2046187156340334E-4
2.2858313240324871E-4
1.7366135822321788E-4
1.339258062197163E-4
2.474066416374254E-4
2.1170755494533453E-4
1.9797867393894932E-4
2.0468952263312645E-4
1.1689054012636876E-4
2.0476426664396772E-4
1.697768699748722E-4
3.044823816087251E-4
2.1943289871152123E-4
