2.0605428273926633E-4
2.3590270183557579E-4
2.1024160397432583E-4
2.0705633356039494E-4
2.1019198317144704E-4
2.02171484870664E-4
2.0728635793880023E-4
2.0932270619298057E-4
2.0066372530489157E-4
1.857678763940277E-4
1.9510628978528153E-4
1.9149007637166154E-4
1.8882308069999654E-4
1.9994728233617765E-4
1.9895641619498508E-4
1.8812352191718173E-4
2.008229482464501E-4
1.9221540730836705E-4
2.0802635688146103E-4
1.9744026401334104E-4
9.076721114049539E-4
1.994618521435097E-4
2.0762188836023247E-4
1.9597530387375505E-4
2.0326856226451058E-4
