0.0036874466753111295
0.003767565196311809
0.003786132531846473
0.0038395039384385545
0.0037319941124353334
0.0038207023057892815
0.0036949070465241616
0.003783950352758776
0.003958301395203325
0.0035584239052145247
0.003798253706796096
0.0036758634766561114
0.0034774369157020628
0.0038435484533037075
0.0038709026387410248
0.0033884773676577844
0.004038185737104902
0.0038381062616251165
0.00380399334362363
0.0039001433577190822
0.008892060236729869
0.003697926650050227
0.003702207008634598
0.0036923272620251347
0.003736871265827035
