0.31909 0.71963 -0.011214 0.12781 -0.32702 -0.23373 0.086057 -0.40235 0.21088 -0.031874 -0.29852 0.055301
0.33813 -0.14117 -0.11092 -0.57711 -0.2326 -0.55459 -0.27846 -0.29701 -0.26575 0.39845 0.094363 -0.26648
0.37862 -0.46402 -0.22253 0.45203 -0.27506 -0.35482 0.19466 0.097686 0.4744 0.24403 0.19208 0.29089
0.34203 0.11595 0.12593 0.014836 -0.15854 -0.28957 -0.28024 0.63737 -0.25424 -0.22 0.099426 0.58454
0.28552 -0.030113 0.5124 -0.35642 0.26177 -0.19378 0.35728 -0.17412 0.26443 -0.33881 0.38381 0.034821
0.34741 -0.00044206 0.38521 0.19616 0.20494 -0.20494 -0.13623 0.37956 0.15839 0.10852 -0.31282 -0.60521
0.22788 -0.25049 -0.19915 0.3512 0.3706 -0.21151 -0.087557 -0.38522 -0.38566 -0.44082 -0.19143 0.025025
0.35411 0.048108 -0.5219 -0.22606 0.1566 0.20339 -0.43268 0.11376 0.49892 -0.2737 0.11199 -0.040853
0.44904 0.088466 -0.15814 0.081637 -0.39864 0.24387 0.45668 0.23728 -0.30385 -0.29492 0.36146 -0.44075
0.34132 -0.38514 0.40514 -0.062618 -0.4547 0.54977 -0.25653 -0.25735 0.017058 -0.096367 -0.27906 0.12278
0.47297 -0.05131 -0.23807 -0.31395 0.33488 0.25299 0.45189 0.12966 -0.095635 0.34062 -0.45768 0.29605
0.36635 0.22466 0.17203 0.3061 0.26059 0.36775 -0.25045 -0.21732 -0.16355 0.4603 0.46507 0.10259
