0.33161 0.17452 -0.26769 -0.14653 0.71048 0.33169 -0.12235 -0.1188 -0.35602 0.079073 0.29786 -0.14987
0.34069 -0.13202 0.58757 -0.20019 0.11932 0.036404 0.37724 0.23884 -0.60325 -0.20621 0.015467 0.42223
0.38411 -0.31292 -0.34139 -0.43392 -0.25389 -0.24804 -0.43161 -0.23455 -0.24321 0.28455 -0.13909 0.42863
0.34815 0.21539 -0.032701 -0.21102 0.26151 -0.69415 0.22763 0.21008 0.2536 0.50962 -0.17005 -0.033446
0.26734 0.51246 0.36358 0.1715 -0.12034 0.054093 -0.24398 -0.36098 -0.26113 0.071553 -0.51258 -0.22003
0.32944 0.35914 -0.21779 0.20012 -0.28767 -0.43046 -0.078493 0.1643 -0.27582 -0.43245 0.39779 -0.10092
0.23483 -0.23539 -0.29454 0.31318 -0.31668 0.23353 0.46866 0.10219 -0.29828 0.40352 -0.076903 -0.30312
0.34811 -0.48464 0.17838 0.1792 0.14735 -0.081085 -0.51162 0.46507 0.047466 -0.023546 -0.15937 -0.3038
0.45059 -0.17746 -0.10719 -0.37671 0.0070119 -0.061627 0.28568 -0.39526 0.26339 -0.56033 -0.27733 -0.39175
0.33078 0.276 0.2036 -0.49713 -0.39979 0.4795 -0.090875 0.31706 0.35086 0.13688 0.26901 -0.1038
0.48437 -0.23314 0.30869 0.42245 -0.0025181 -0.0022901 0.00016661 -0.46054 0.36907 0.18189 0.48443 0.20403
0.36648 0.21227 -0.31774 0.26649 0.090582 0.34559 0.038424 0.27362 0.34362 -0.19791 -0.34902 0.51778
