0.25092 0.031716 -0.12632 -0.1767 -0.2282 -0.46335 -0.011548 -0.22855 0.34724 0.39246 -0.21229 0.10157 -0.34936 0.1751 0.30581 -0.30223 -0.073674 -0.032691 -0.018256
0.23081 -0.18523 -0.22309 -0.20685 0.2203 -0.39763 0.21926 -0.30285 -0.39688 0.015126 0.16605 0.029018 0.27064 -0.024993 0.42257 0.18301 0.21675 -0.21557 0.17682
0.23722 -0.0079442 0.2744 -0.34559 -0.09781 0.22441 0.070914 -0.21197 0.23358 0.20844 -0.16384 -0.17536 0.028704 -0.30749 -0.24877 0.14798 -0.032627 -0.59682 0.39362
0.3238 -0.032854 -0.20826 -0.2427 -0.39064 0.14399 -0.19349 -0.33541 -0.3094 0.0026835 0.16575 0.49258 -0.36326 -0.044567 -0.32325 0.33295 -0.17176 -0.04407 0.094144
0.28883 0.18577 0.30554 -0.25018 0.34023 -0.040443 -0.47337 -0.32874 -0.27631 -0.17932 -0.26729 -0.22439 -0.21231 0.29103 0.15532 -0.020451 -0.014738 0.16805 0.22655
0.37319 0.077914 -0.078625 0.31896 -0.28157 0.23313 -0.2571 -0.1118 0.21157 -0.091446 -0.29859 -0.01795 0.18842 0.11518 0.39673 0.46734 0.38483 -0.1227 -0.26802
0.3096 0.20766 0.057445 -0.14736 0.20037 0.38025 0.24599 -0.07512 0.24854 -0.34952 0.0032685 0.38076 0.1843 0.024873 0.42561 -0.06293 -0.41077 -0.087266 -0.25835
0.22981 0.12611 -0.40504 -0.046387 -0.010068 0.070034 0.38987 0.29993 -0.1309 -0.1219 -0.42798 -0.23782 -0.31912 -0.0047847 0.03617 0.2397 -0.13565 0.13006 0.28445
0.2926 0.24984 0.39248 0.14292 0.032024 -0.11352 0.0077899 0.31952 -0.071972 0.11219 -0.0069696 0.47852 -0.13183 -0.3245 0.12166 0.023743 0.28413 0.1395 0.34116
0.16997 0.26651 -0.14709 -0.23284 0.036207 -0.34188 -0.2965 0.31486 -0.16883 -0.071636 -0.20378 -0.032387 0.1974 -0.33251 -0.20505 -0.059403 -0.099083 -0.20804 -0.43672
0.33038 -0.41136 0.39641 -0.14975 -0.11453 0.08868 0.11359 0.34594 -0.2046 0.32848 -0.053121 -0.036643 0.16519 0.32991 0.077322 0.1805 -0.20645 0.086043 -0.27052
0.31448 -0.36244 -0.27642 -0.24812 0.036821 0.087627 -0.2422 0.26206 0.30234 -0.24519 -0.023634 0.18243 0.303 0.23809 -0.12534 -0.23573 0.23131 0.089054 0.27948
0.3504 0.28756 0.286 0.13736 -0.3128 -0.39411 0.36329 -0.17162 0.033101 -0.45099 0.045817 -0.11412 0.15069 0.31714 -0.33054 -0.015808 0.084605 0.10441 0.0010921
0.3947 0.050593 -0.10077 0.35658 0.48712 -0.10775 0.10055 -0.33144 0.15449 0.29374 -0.22204 0.10043 0.22852 0.0012313 -0.41787 0.16522 -0.095503 0.3645 -0.060535
0.33098 -0.36603 -0.012937 0.47884 -0.15438 0.14862 -0.035149 -0.16008 -0.36086 -0.087184 -0.19244 -0.092852 0.0076808 -0.25926 0.050084 -0.58817 -0.14142 -0.11315 0.024297
0.43913 -0.054017 -0.029056 -0.25243 0.14497 0.3532 0.23449 -0.078973 -0.044531 0.078139 0.22559 -0.22992 -0.24372 -0.15398 -0.067849 -0.30908 0.5592 0.17315 -0.43544
0.39471 -0.44858 0.10092 0.12843 0.2107 -0.2054 -0.13215 0.092132 0.32719 -0.30068 0.37894 -0.26113 -0.35409 -0.28713 0.085025 0.20619 -0.13014 0.019728 -0.13452
0.29125 0.28264 -0.15614 0.01497 -0.25799 0.12891 -0.18982 -0.0084638 -0.013715 0.25195 0.43297 -0.38376 0.2984 -0.17206 0.18046 -0.11211 -0.2426 0.33574 0.20991
0.29581 0.23115 -0.16736 0.36409 0.24869 0.10087 -0.076611 0.21635 -0.10844 0.19128 0.35399 -0.064378 -0.1644 0.4101 -0.091562 -0.16012 -0.022768 -0.51013 0.041241
