0.20819 0.20758 0.46842 0.20067 -0.33544 -0.29371 0.24971 -0.012842 0.28797 0.074241 -0.10852 -0.40588 -0.36634 -0.28141 0.02318 0.14256 -0.050276 -0.042039 0.010214
0.29296 0.1815 0.39595 -0.23989 0.44053 0.29992 0.1254 -0.078632 0.089136 -0.17451 -0.28474 0.14086 -0.39036 0.20692 0.11742 0.055937 0.14554 -0.32547 0.17277
0.22378 0.18449 -0.16941 0.099065 -0.2167 0.025916 -0.084001 0.0061522 0.42684 -0.15109 0.28193 0.16214 0.32748 -0.19123 0.25726 0.13555 -0.014661 -0.57893 0.39404
0.36282 0.24417 -0.10111 0.4203 0.33633 -0.22175 0.53128 -0.03829 0.24082 0.41481 -0.042379 0.3024 0.28282 0.1158 -0.00022175 -0.031676 -0.19456 -0.011961 0.10328
0.30207 0.21709 0.086284 -0.39562 0.24322 -0.22675 -0.3979 0.15771 0.36893 0.37215 0.29108 0.057981 -0.28376 -0.082704 -0.17281 -0.07037 0.002795 0.22841 0.26409
0.26819 0.31609 -0.21961 0.26183 -0.30091 0.11729 -0.16199 0.15776 -0.2496 0.24809 -0.060666 0.47961 -0.46716 -0.13799 -0.079483 -0.053909 0.35927 -0.18179 -0.26065
0.15236 0.29312 -0.38227 -0.19937 -0.18278 0.25925 0.28834 0.18969 0.10919 -0.17068 0.15728 -0.061509 -0.36844 0.091575 -0.036713 -0.45286 -0.44659 -0.083539 -0.27713
-0.23731 0.29573 -0.15341 0.086278 0.19012 -0.33283 -0.074734 0.085386 -0.014664 -0.3489 -0.3994 0.26578 -0.13503 -0.421 -0.069742 -0.036967 -0.23889 0.084736 0.28266
-0.22612 0.3756 0.11479 -0.080465 -0.013669 -0.076385 0.41144 0.18599 -0.20523 -0.016299 0.4197 0.10816 -0.044444 -0.042684 0.38786 -0.10534 0.33087 0.24552 0.29363
-0.3655 0.28026 0.27034 -0.053924 0.1863 0.15702 -0.19512 0.27288 0.10143 0.31042 -0.09399 -0.0085356 0.23329 -0.20978 0.26616 -0.059001 -0.15954 -0.20309 -0.43155
-0.19071 0.3783 -0.05548 0.096647 0.14641 0.22166 0.026098 -0.41753 0.040246 -0.11595 0.42314 0.083425 -0.17013 -0.041126 -0.31328 0.47023 -0.12935 0.036811 -0.25297
-0.16162 0.3656 -0.1369 -0.019081 -0.17881 0.44263 0.009242 -0.34943 0.18286 0.25849 -0.29873 -0.19755 0.05757 -0.058673 -0.2195 -0.29738 0.23991 0.11284 0.27879
0.20541 0.3018 0.43261 0.27902 0.0068801 0.091663 -0.1711 0.41143 -0.062436 -0.37052 0.16129 0.001473 0.25298 0.10933 -0.51457 -0.258 0.057101 0.15793 0.01259
0.47712 0.28215 0.08632 -0.4845 -0.20549 0.1687 0.13385 0.1592 -0.32526 0.0026315 -0.16703 0.12469 0.3428 -0.28641 -0.13528 0.32637 -0.12646 0.3104 -0.022571
0.39035 0.24133 -0.12371 0.16103 0.31463 -0.035224 -0.26365 -0.32151 -0.48899 -9.2484e-05 0.1379 -0.48315 0.024808 -0.22234 0.26341 -0.18233 -0.075605 -0.057604 0.015772
0.21484 0.38111 -0.3557 -0.14594 0.13104 -0.23804 -0.036985 -0.09359 0.3254 -0.3376 -0.15673 -0.24609 0.1471 0.10678 0.12675 0.062288 0.53428 0.15798 -0.4839
0.071157 0.38636 0.22153 -0.18598 -0.33838 -0.31982 -0.25024 -0.55841 -0.02903 -0.080041 -0.047469 0.27224 0.088716 0.37432 0.19641 -0.21034 -0.14562 0.072293 -0.18622
0.048082 0.28243 -0.15281 0.23856 -0.055886 0.15817 -0.29883 0.2515 -0.011691 0.033816 -0.16602 -0.20047 -0.11264 0.46167 0.34814 0.3921 -0.22331 0.30839 0.18006
-0.12561 0.34227 -0.17141 -0.23653 -0.0096182 -0.35019 0.028664 0.15052 -0.34564 0.18241 -0.057865 -0.32189 0.055557 0.33501 -0.28997 0.18435 0.035249 -0.4744 0.10362
