# Probleme of size 150 

# N150

# P
2

# K
1

# Objectif 1
49
92
21
99
31
98
85
33
50
6

79
68
2
56
47
15
28
95
76
69

83
12
68
87
52
59
38
80
82
12

56
33
56
9
85
76
67
10
92
94

91
49
67
95
41
55
31
21
11
98

69
93
23
37
80
33
84
65
60
91

46
1
74
9
76
12
40
97
96
66

32
42
18
100
16
9
64
4
57
9

73
88
80
45
55
6
89
83
79
68

42
40
53
52
70
51
96
51
54
78

30
54
99
60
63
37
58
3
30
95

21
56
92
21
15
5
38
67
81
98

49
20
73
99
28
57
43
100
48
41

27
50
46
49
79
90
42
91
69
68

95
4
38
41
24
78
72
32
33
19


# Objectif 2
19
33
32
72
78
24
41
38
4
95

68
69
91
42
90
79
49
46
50
27

41
48
100
43
57
28
99
73
20
49

98
81
67
38
5
15
21
92
56
21

95
30
3
58
37
63
60
99
54
30

78
54
51
96
51
70
52
53
40
42

68
79
83
89
6
55
45
80
88
73

9
57
4
64
9
16
100
18
42
32

66
96
97
40
12
76
9
74
1
46

91
60
65
84
33
80
37
23
93
69

98
11
21
31
55
41
95
67
49
91

94
92
10
67
76
85
9
56
33
56

12
82
80
38
59
52
87
68
12
83

69
76
95
28
15
47
56
2
68
79

6
50
33
85
98
31
99
21
92
49

# Contrainte 1
42
31
37
42
18
24
90
25
81
84

92
87
10
58
4
59
73
43
11
92

54
79
69
97
16
80
95
79
39
100

66
73
75
44
15
28
5
29
21
84

91
12
9
39
91
48
100
57
12
83

30
4
13
21
83
52
94
88
11
78

48
65
41
96
39
54
27
24
14
16

71
22
51
98
26
19
87
35
2
12

36
4
17
21
65
30
76
30
62
35

91
23
65
74
95
68
92
60
29
5

68
64
85
94
56
59
19
65
98
56

33
90
87
90
29
36
78
64
16
98

31
4
36
84
60
67
93
43
68
71

90
47
90
10
86
40
68
22
53
50

56
14
9
5
62
40
12
75
100
67

3915
