# Probleme of size 100 

# N100

# P
2

# K
1

# Objectif 1
34
23
36
60
23
16
7
72
78
92

97
18
84
17
61
94
63
98
15
99

20
88
45
61
61
15
75
79
48
68

29
16
90
100
90
19
37
11
59
24

68
10
20
9
73
98
10
37
9
34

14
96
74
95
25
72
5
34
13
74

73
74
51
35
76
70
53
28
29
60

97
28
54
88
34
6
14
3
83
51

1
20
3
45
2
28
8
71
42
32

86
86
51
59
49
93
7
61
33
78


# Objectif 2
78
33
61
7
93
49
59
51
86
86

32
42
71
8
28
2
45
3
20
1

51
83
3
14
6
34
88
54
28
97

60
29
28
53
70
76
35
51
74
73

74
13
34
5
72
25
95
74
96
14

34
9
37
10
98
73
9
20
10
68

24
59
11
37
19
90
100
90
16
29

68
48
79
75
15
61
61
45
88
20

99
15
98
63
94
61
17
84
18
97

92
78
72
7
16
23
60
36
23
34

# Contrainte 1
11
57
10
35
8
5
52
84
62
94

27
12
58
2
9
98
73
13
88
19

17
41
33
92
9
26
58
97
81
27

67
90
99
93
96
60
51
68
61
38

20
39
1
60
91
95
31
99
23
91

6
6
42
29
60
97
6
93
86
29

92
42
18
31
85
98
96
24
26
3

97
80
38
10
41
65
81
23
48
42

31
64
91
89
21
11
68
66
52
70

19
93
24
41
90
74
30
67
72
66

2602
