# Probleme of size 250 

# N250

# P
2

# K
1

# Objectif 1
95
45
20
14
72
24
70
82
54
11

34
82
39
4
62
12
75
43
37
59

78
28
55
53
19
19
20
51
92
57

35
92
21
56
1
69
50
17
53
96

49
49
30
46
50
53
95
25
93
26

67
89
62
49
33
10
47
82
18
35

43
39
76
26
21
52
33
48
90
57

81
50
88
35
3
76
79
30
7
65

17
6
20
67
21
89
7
13
43
85

88
14
71
62
39
83
23
6
84
80

94
99
59
66
43
57
29
45
45
29

20
29
87
1
30
38
19
76
77
24

39
36
23
39
81
38
32
23
11
10

61
99
93
5
58
92
74
47
83
8

32
12
50
80
64
81
12
97
24
98

74
9
19
67
22
2
3
15
82
3

18
84
77
96
79
29
59
2
77
33

58
34
60
80
78
98
10
39
80
20

29
55
83
24
75
25
94
44
42
77

46
10
14
88
55
28
20
76
17
2

80
22
9
29
76
33
32
4
18
50

27
56
64
42
75
51
51
20
55
43

95
43
64
20
100
82
24
37
44
10

34
88
83
75
9
87
66
15
67
4

21
12
56
4
59
68
55
4
44
2


# Objectif 2
2
44
4
55
68
59
4
56
12
21

4
67
15
66
87
9
75
83
88
34

10
44
37
24
82
100
20
64
43
95

43
55
20
51
51
75
42
64
56
27

50
18
4
32
33
76
29
9
22
80

2
17
76
20
28
55
88
14
10
46

77
42
44
94
25
75
24
83
55
29

20
80
39
10
98
78
80
60
34
58

33
77
2
59
29
79
96
77
84
18

3
82
15
3
2
22
67
19
9
74

98
24
97
12
81
64
80
50
12
32

8
83
47
74
92
58
5
93
99
61

10
11
23
32
38
81
39
23
36
39

24
77
76
19
38
30
1
87
29
20

29
45
45
29
57
43
66
59
99
94

80
84
6
23
83
39
62
71
14
88

85
43
13
7
89
21
67
20
6
17

65
7
30
79
76
3
35
88
50
81

57
90
48
33
52
21
26
76
39
43

35
18
82
47
10
33
49
62
89
67

26
93
25
95
53
50
46
30
49
49

96
53
17
50
69
1
56
21
92
35

57
92
51
20
19
19
53
55
28
78

59
37
43
75
12
62
4
39
82
34

11
54
82
70
24
72
14
20
45
95

# Contrainte 1
61
97
92
11
49
28
70
35
36
53

93
30
22
21
43
56
16
89
13
71

37
42
81
10
40
97
22
29
60
6

18
37
1
93
50
71
18
38
42
3

52
70
87
7
90
46
5
2
85
79

70
54
61
78
14
69
85
44
49
62

36
45
97
35
84
71
21
74
64
78

11
5
80
50
16
9
80
14
1
3

61
58
20
88
63
63
48
74
91
79

54
92
62
85
100
61
20
14
92
89

54
44
41
15
67
37
55
62
41
51

52
46
41
23
33
38
28
64
64
24

55
13
9
52
92
29
46
72
74
26

66
80
57
44
87
18
18
36
20
8

96
52
75
60
61
97
43
92
46
62

32
10
85
10
78
2
15
34
87
99

5
83
65
62
93
99
44
25
56
10

83
48
38
30
61
42
72
32
25
61

85
47
62
5
88
3
37
50
29
98

79
1
62
82
88
69
45
4
93
94

35
55
56
1
70
4
89
18
14
72

35
38
93
62
25
45
93
83
10
87

42
67
3
49
88
54
15
55
42
39

27
7
23
92
7
37
2
74
45
28

60
62
80
68
45
48
56
66
19
2

6219
