# Probleme of size 350 

# N350

# P
2

# K
1

# Objectif 1
25
47
26
92
26
30
92
84
60
81

28
84
77
90
72
10
21
89
67
41

96
98
69
71
69
77
34
41
86
87

97
82
39
34
83
87
88
11
15
18

99
19
92
12
28
51
37
67
39
96

57
31
12
91
35
96
89
88
84
37

97
65
18
44
23
38
23
38
44
71

15
24
50
73
1
38
65
8
77
83

67
32
2
29
35
35
29
99
81
7

38
32
81
16
29
61
13
32
50
74

96
1
97
60
49
59
59
7
71
19

86
27
9
87
72
88
1
58
23
14

5
42
25
5
15
88
2
29
21
80

35
1
75
27
68
2
56
17
49
2

66
46
16
18
54
59
46
39
70
84

40
99
45
89
8
48
29
93
100
69

80
58
27
2
45
39
9
32
39
3

56
92
34
26
4
80
36
41
38
50

7
77
37
82
29
67
96
38
56
51

8
68
96
6
49
6
2
6
39
48

54
24
7
19
58
59
22
62
12
8

13
78
42
4
85
45
1
42
41
53

65
45
74
38
34
40
94
55
74
28

24
54
1
77
75
5
52
53
89
6

87
94
66
78
69
66
53
66
22
72

94
24
86
40
64
52
7
67
1
96

21
8
65
8
96
82
67
54
72
80

18
55
3
49
5
30
46
3
32
93

66
70
87
88
53
56
69
48
65
16

79
65
71
20
77
64
80
3
64
8

20
55
12
34
34
74
80
50
3
87

31
20
90
92
25
99
61
29
39
21

90
99
48
63
84
10
36
73
27
100

61
25
17
95
4
41
27
25
13
35

27
38
62
17
39
89
48
48
69
59


# Objectif 2
59
69
48
48
89
39
17
62
38
27

35
13
25
27
41
4
95
17
25
61

100
27
73
36
10
84
63
48
99
90

21
39
29
61
99
25
92
90
20
31

87
3
50
80
74
34
34
12
55
20

8
64
3
80
64
77
20
71
65
79

16
65
48
69
56
53
88
87
70
66

93
32
3
46
30
5
49
3
55
18

80
72
54
67
82
96
8
65
8
21

96
1
67
7
52
64
40
86
24
94

72
22
66
53
66
69
78
66
94
87

6
89
53
52
5
75
77
1
54
24

28
74
55
94
40
34
38
74
45
65

53
41
42
1
45
85
4
42
78
13

8
12
62
22
59
58
19
7
24
54

48
39
6
2
6
49
6
96
68
8

51
56
38
96
67
29
82
37
77
7

50
38
41
36
80
4
26
34
92
56

3
39
32
9
39
45
2
27
58
80

69
100
93
29
48
8
89
45
99
40

84
70
39
46
59
54
18
16
46
66

2
49
17
56
2
68
27
75
1
35

80
21
29
2
88
15
5
25
42
5

14
23
58
1
88
72
87
9
27
86

19
71
7
59
59
49
60
97
1
96

74
50
32
13
61
29
16
81
32
38

7
81
99
29
35
35
29
2
32
67

83
77
8
65
38
1
73
50
24
15

71
44
38
23
38
23
44
18
65
97

37
84
88
89
96
35
91
12
31
57

96
39
67
37
51
28
12
92
19
99

18
15
11
88
87
83
34
39
82
97

87
86
41
34
77
69
71
69
98
96

41
67
89
21
10
72
90
77
84
28

81
60
84
92
30
26
92
26
47
25

# Contrainte 1
15
23
46
57
63
18
28
45
58
35

99
80
52
23
93
14
50
87
99
97

31
76
55
56
38
99
88
3
66
64

12
75
43
23
96
1
84
76
24
73

54
80
77
65
28
20
71
80
27
29

4
48
91
44
60
59
47
22
55
28

34
95
91
77
46
1
27
20
14
32

85
39
94
56
94
7
94
28
15
69

71
28
62
46
61
93
70
12
85
1

60
82
20
87
26
75
70
12
62
19

20
10
3
45
97
35
53
68
99
37

82
32
59
45
87
28
90
90
58
6

77
11
19
34
42
23
36
90
80
60

32
26
43
26
41
12
24
94
70
90

30
78
89
34
83
3
77
18
76
52

2
4
3
52
24
44
25
16
45
53

35
85
23
92
95
93
86
15
78
96

17
38
16
28
55
100
66
54
35
19

51
5
40
79
70
57
51
48
31
36

1
59
48
20
6
15
31
14
27
76

69
1
42
31
88
6
31
100
12
14

89
96
91
48
7
95
71
45
60
9

68
93
57
43
26
60
97
49
80
61

85
21
37
30
13
11
64
84
3
30

30
92
46
94
43
66
46
32
61
40

59
13
20
10
95
10
31
58
55
3

77
91
16
35
52
70
46
64
53
98

22
36
8
87
32
79
99
17
59
61

17
55
32
54
65
84
96
32
87
100

2
37
67
35
4
18
99
33
33
35

81
45
63
20
93
63
50
72
52
39

81
100
71
33
91
57
70
62
8
49

99
32
65
63
65
1
34
34
60
20

59
24
84
56
44
28
94
85
20
16

46
52
76
27
82
78
53
30
37
100

8829
