# Probleme of size 400 

# N400

# P
2

# K
1

# Objectif 1
4
20
54
73
78
95
93
61
71
78

15
6
9
19
18
97
56
18
82
93

88
40
45
26
29
63
12
30
96
37

30
96
32
25
34
14
25
59
92
2

95
48
56
65
59
13
6
7
21
42

93
25
77
82
3
52
59
13
36
85

61
54
35
22
88
94
65
64
18
64

39
85
50
7
82
67
84
74
41
61

11
2
15
54
68
45
86
40
37
20

67
95
90
41
54
39
34
71
56
30

33
55
11
60
57
89
23
27
18
82

39
99
7
98
81
35
86
97
57
50

50
22
75
52
11
8
48
23
29
16

31
20
67
83
84
38
39
100
81
46

45
49
91
56
8
11
47
5
85
98

46
5
47
65
45
51
24
65
37
39

26
34
38
95
10
91
6
17
8
98

89
56
83
11
95
93
86
43
13
100

7
44
15
14
6
19
17
65
10
22

89
2
4
51
41
43
84
61
25
18

72
21
99
28
42
44
13
93
33
7

74
71
39
31
1
48
70
63
51
6

28
82
31
97
35
41
91
67
41
100

96
60
100
59
46
19
65
92
6
29

6
4
44
70
74
20
76
64
100
60

90
61
47
53
33
60
64
54
29
80

52
88
13
76
27
55
16
44
77
24

17
32
88
40
85
30
23
69
48
46

30
24
72
86
49
39
65
14
17
68

11
58
29
33
94
61
41
21
55
40

17
10
52
59
28
49
14
19
2
3

24
69
15
14
79
50
92
48
4
44

89
93
17
28
60
7
40
4
35
33

24
38
33
92
17
89
65
6
7
48

76
47
93
94
71
10
16
33
48
76

57
93
33
39
43
18
54
54
50
12

88
71
39
55
54
32
25
92
31
38

47
66
19
59
99
80
83
68
43
10

67
31
10
58
99
21
8
37
58
46

26
22
12
71
100
75
78
36
28
57


# Objectif 2
57
28
36
78
75
100
71
12
22
26

46
58
37
8
21
99
58
10
31
67

10
43
68
83
80
99
59
19
66
47

38
31
92
25
32
54
55
39
71
88

12
50
54
54
18
43
39
33
93
57

76
48
33
16
10
71
94
93
47
76

48
7
6
65
89
17
92
33
38
24

33
35
4
40
7
60
28
17
93
89

44
4
48
92
50
79
14
15
69
24

3
2
19
14
49
28
59
52
10
17

40
55
21
41
61
94
33
29
58
11

68
17
14
65
39
49
86
72
24
30

46
48
69
23
30
85
40
88
32
17

24
77
44
16
55
27
76
13
88
52

80
29
54
64
60
33
53
47
61
90

60
100
64
76
20
74
70
44
4
6

29
6
92
65
19
46
59
100
60
96

100
41
67
91
41
35
97
31
82
28

6
51
63
70
48
1
31
39
71
74

7
33
93
13
44
42
28
99
21
72

18
25
61
84
43
41
51
4
2
89

22
10
65
17
19
6
14
15
44
7

100
13
43
86
93
95
11
83
56
89

98
8
17
6
91
10
95
38
34
26

39
37
65
24
51
45
65
47
5
46

98
85
5
47
11
8
56
91
49
45

46
81
100
39
38
84
83
67
20
31

16
29
23
48
8
11
52
75
22
50

50
57
97
86
35
81
98
7
99
39

82
18
27
23
89
57
60
11
55
33

30
56
71
34
39
54
41
90
95
67

20
37
40
86
45
68
54
15
2
11

61
41
74
84
67
82
7
50
85
39

64
18
64
65
94
88
22
35
54
61

85
36
13
59
52
3
82
77
25
93

42
21
7
6
13
59
65
56
48
95

2
92
59
25
14
34
25
32
96
30

37
96
30
12
63
29
26
45
40
88

93
82
18
56
97
18
19
9
6
15

78
71
61
93
95
78
73
54
20
4

# Contrainte 1
20
42
23
25
13
47
4
98
85
24

77
20
93
51
26
58
82
54
1
87

93
50
43
39
6
44
56
17
94
76

25
33
33
71
81
9
82
70
29
99

44
27
37
44
8
52
84
84
28
98

79
37
44
64
85
53
7
19
81
12

24
84
17
41
89
48
74
39
1
32

51
47
93
34
30
68
72
69
4
3

14
91
57
89
60
44
4
2
47
63

12
95
7
1
44
53
19
8
74
71

1
28
70
38
21
92
28
72
11
24

27
84
17
51
6
71
51
22
28
13

81
45
32
73
21
3
84
55
42
9

78
45
99
67
72
72
20
37
68
88

98
42
32
29
13
75
50
67
43
7

100
20
35
72
25
100
6
65
87
66

93
3
12
14
67
89
19
46
14
66

77
64
64
90
47
7
86
1
82
73

21
47
100
22
71
62
32
15
20
43

93
34
37
63
31
20
97
81
14
58

3
63
11
92
95
74
77
23
20
77

17
34
81
66
24
79
86
95
92
39

70
66
72
79
10
61
80
76
65
35

78
70
82
71
91
88
25
46
73
35

70
51
3
76
46
90
13
55
16
76

1
42
87
34
18
13
84
80
5
59

66
84
74
44
88
87
92
76
43
59

27
49
57
54
48
77
90
26
86
10

28
69
56
69
20
27
27
56
3
33

45
47
17
36
74
70
61
2
90
33

61
45
15
59
45
46
85
95
39
16

71
100
32
89
44
60
41
23
49
84

46
95
1
42
91
2
30
10
9
97

90
49
71
71
18
63
98
44
13
40

70
8
77
57
38
12
81
64
65
85

70
45
58
91
96
26
77
7
75
90

80
12
87
97
25
50
35
20
80
20

93
66
87
100
55
2
27
40
12
7

42
71
94
51
63
72
22
33
82
43

48
65
17
38
5
2
90
65
35
61

10150
