# Probleme of size 450 

# N450

# P
2

# K
1

# Objectif 1
5
31
23
60
8
75
31
44
61
38

98
89
15
1
65
32
81
78
92
44

15
83
12
73
94
16
94
77
82
92

56
62
48
1
83
21
13
83
30
21

38
36
95
47
48
13
52
80
6
3

11
95
85
43
68
61
15
66
95
30

9
69
33
30
82
88
36
40
76
29

71
74
13
55
70
97
76
84
98
30

20
24
23
53
25
75
43
100
43
29

86
72
20
20
34
76
77
34
81
10

43
3
49
18
38
57
7
91
86
50

35
45
46
73
47
40
78
61
11
11

4
75
84
5
1
46
47
78
8
36

63
90
7
70
25
65
69
20
96
10

56
86
77
25
60
70
85
66
8
43

4
65
31
90
88
7
29
31
11
54

75
69
33
60
80
94
6
24
26
73

98
93
73
37
94
99
46
59
70
79

51
10
19
2
84
46
31
69
85
82

98
40
58
35
80
40
19
74
65
90

70
36
92
52
77
87
18
50
40
63

48
74
6
42
100
87
64
73
21
56

15
85
70
6
81
56
36
99
70
20

29
99
7
40
20
8
48
52
6
62

67
59
35
87
75
99
54
43
53
18

41
83
65
26
36
46
93
2
76
80

83
30
47
39
3
82
66
32
98
52

30
48
21
20
62
2
86
5
9
98

93
12
16
74
45
26
7
88
12
99

76
40
68
57
66
95
32
71
63
33

35
10
65
11
87
59
26
16
37
91

59
60
26
44
45
97
29
45
13
14

55
27
58
46
11
45
83
46
48
33

75
5
35
56
32
83
1
19
3
100

93
18
42
14
54
86
97
65
91
11

74
74
39
84
47
42
87
9
86
5

93
88
13
18
42
84
18
60
8
55

4
74
10
27
62
31
60
30
15
69

77
55
71
43
38
88
18
20
8
3

90
7
25
70
57
19
25
31
64
31

74
82
85
34
88
83
44
44
3
23

92
82
54
79
72
90
10
13
4
49

49
21
32
48
47
2
65
65
90
28

97
47
13
97
12
53
84
1
39
79

1
98
16
82
30
57
4
82
53
17


# Objectif 2
17
53
82
4
57
30
82
16
98
1

79
39
1
84
53
12
97
13
47
97

28
90
65
65
2
47
48
32
21
49

49
4
13
10
90
72
79
54
82
92

23
3
44
44
83
88
34
85
82
74

31
64
31
25
19
57
70
25
7
90

3
8
20
18
88
38
43
71
55
77

69
15
30
60
31
62
27
10
74
4

55
8
60
18
84
42
18
13
88
93

5
86
9
87
42
47
84
39
74
74

11
91
65
97
86
54
14
42
18
93

100
3
19
1
83
32
56
35
5
75

33
48
46
83
45
11
46
58
27
55

14
13
45
29
97
45
44
26
60
59

91
37
16
26
59
87
11
65
10
35

33
63
71
32
95
66
57
68
40
76

99
12
88
7
26
45
74
16
12
93

98
9
5
86
2
62
20
21
48
30

52
98
32
66
82
3
39
47
30
83

80
76
2
93
46
36
26
65
83
41

18
53
43
54
99
75
87
35
59
67

62
6
52
48
8
20
40
7
99
29

20
70
99
36
56
81
6
70
85
15

56
21
73
64
87
100
42
6
74
48

63
40
50
18
87
77
52
92
36
70

90
65
74
19
40
80
35
58
40
98

82
85
69
31
46
84
2
19
10
51

79
70
59
46
99
94
37
73
93
98

73
26
24
6
94
80
60
33
69
75

54
11
31
29
7
88
90
31
65
4

43
8
66
85
70
60
25
77
86
56

10
96
20
69
65
25
70
7
90
63

36
8
78
47
46
1
5
84
75
4

11
11
61
78
40
47
73
46
45
35

50
86
91
7
57
38
18
49
3
43

10
81
34
77
76
34
20
20
72
86

29
43
100
43
75
25
53
23
24
20

30
98
84
76
97
70
55
13
74
71

29
76
40
36
88
82
30
33
69
9

30
95
66
15
61
68
43
85
95
11

3
6
80
52
13
48
47
95
36
38

21
30
83
13
21
83
1
48
62
56

92
82
77
94
16
94
73
12
83
15

44
92
78
81
32
65
1
15
89
98

38
61
44
31
75
8
60
23
31
5

# Contrainte 1
96
68
91
9
81
19
76
28
23
68

78
56
70
64
77
71
90
3
59
73

54
73
40
86
80
68
12
15
15
81

2
46
79
75
50
79
69
33
7
47

50
15
92
34
18
5
40
15
64
55

85
8
60
4
84
15
44
9
45
73

55
56
14
88
99
53
88
10
32
60

50
24
81
44
5
72
31
27
68
47

72
6
25
26
38
4
79
59
79
75

61
42
63
5
71
12
40
99
52
76

98
10
44
96
11
82
59
62
92
9

69
96
1
81
63
1
77
76
98
57

42
86
58
75
16
80
98
89
43
4

66
87
98
49
89
39
89
93
36
84

22
44
87
26
12
70
3
30
20
68

7
19
77
11
11
76
53
9
17
70

40
85
46
56
13
13
25
33
86
61

74
98
57
98
58
1
40
55
97
93

9
8
80
55
59
89
47
36
95
69

54
8
46
88
48
35
18
80
88
54

7
71
24
23
96
90
26
56
58
12

45
26
64
97
83
18
8
80
76
65

97
83
96
19
14
87
48
39
38
84

10
89
36
70
82
97
56
8
91
65

86
83
95
20
10
22
18
56
14
45

57
93
60
44
30
63
79
22
70
98

72
57
92
23
24
91
68
78
16
60

61
34
43
30
15
45
83
44
16
28

50
35
58
5
56
99
46
63
98
19

86
30
89
53
64
80
3
72
10
7

9
59
37
44
98
53
85
31
22
66

41
56
83
67
71
37
64
36
59
89

91
40
53
76
96
30
91
88
2
39

24
20
66
65
17
11
82
74
33
23

8
72
24
34
99
47
68
48
72
83

21
99
97
4
73
88
86
67
42
7

9
52
34
24
28
84
75
14
48
7

8
92
32
26
95
99
82
13
65
80

42
89
48
70
84
64
99
45
11
9

71
8
63
61
24
96
42
2
73
79

39
67
32
24
55
1
85
11
69
1

2
59
11
41
92
6
5
23
68
13

6
23
75
88
65
76
14
93
2
6

77
64
56
31
51
93
13
12
50
13

20
65
28
38
86
39
33
46
12
25

11532
