# Probleme of size 500 

# N500

# P
2

# K
1

# Objectif 1
3
75
63
76
96
79
100
48
87
47

44
90
31
81
18
78
42
37
38
3

7
48
46
90
77
66
74
61
72
2

72
11
11
4
97
79
50
59
62
57

1
72
73
91
61
98
19
91
67
32

74
68
22
84
91
8
32
62
78
61

32
36
69
95
79
19
73
44
28
54

18
25
48
80
74
16
66
32
69
35

83
9
40
8
89
16
66
13
21
37

62
94
83
52
94
8
77
92
3
37

27
44
6
65
29
41
46
55
73
71

20
88
18
20
87
23
33
26
40
50

28
89
13
3
28
60
60
47
23
15

10
59
58
85
56
84
71
38
43
65

30
68
59
94
61
29
61
88
49
96

85
22
56
57
16
33
84
30
34
63

9
100
12
65
41
57
70
79
30
35

39
16
54
45
47
82
95
20
44
19

86
45
32
50
45
97
7
44
77
65

94
1
13
63
43
1
77
44
58
70

55
12
63
20
44
55
80
44
100
53

21
46
27
17
63
49
55
81
66
31

77
97
22
61
13
48
24
99
45
27

92
36
29
1
22
25
76
50
54
91

45
81
52
26
80
31
52
32
19
97

5
99
36
65
68
98
44
76
95
60

69
52
58
10
20
14
58
58
74
11

36
28
37
94
89
70
17
61
16
54

16
49
15
23
45
3
50
32
3
13

15
24
45
29
34
83
33
79
17
83

39
24
32
15
100
69
67
87
99
90

3
76
34
21
77
59
8
6
24
68

89
12
38
78
58
40
42
8
27
40

8
37
10
35
16
66
63
3
16
68

57
62
36
10
82
86
23
65
13
6

48
2
82
74
54
43
63
59
68
24

98
86
55
72
84
94
1
28
40
2

38
3
11
18
73
83
30
86
37
39

89
36
20
85
75
17
92
50
97
96

5
60
63
27
6
67
88
47
63
99

82
24
66
60
46
100
72
64
17
26

63
89
3
26
6
34
38
75
20
72

3
61
84
3
1
20
61
55
6
37

22
36
94
80
52
85
33
49
98
64

96
19
53
32
79
65
4
49
78
91

98
20
77
93
35
38
56
74
35
67

90
80
97
86
18
85
95
87
52
73

19
92
97
63
90
20
45
85
87
84

100
65
5
11
51
64
60
29
65
39

69
16
13
11
9
18
45
49
53
28


# Objectif 2
28
53
49
45
18
9
11
13
16
69

39
65
29
60
64
51
11
5
65
100

84
87
85
45
20
90
63
97
92
19

73
52
87
95
85
18
86
97
80
90

67
35
74
56
38
35
93
77
20
98

91
78
49
4
65
79
32
53
19
96

64
98
49
33
85
52
80
94
36
22

37
6
55
61
20
1
3
84
61
3

72
20
75
38
34
6
26
3
89
63

26
17
64
72
100
46
60
66
24
82

99
63
47
88
67
6
27
63
60
5

96
97
50
92
17
75
85
20
36
89

39
37
86
30
83
73
18
11
3
38

2
40
28
1
94
84
72
55
86
98

24
68
59
63
43
54
74
82
2
48

6
13
65
23
86
82
10
36
62
57

68
16
3
63
66
16
35
10
37
8

40
27
8
42
40
58
78
38
12
89

68
24
6
8
59
77
21
34
76
3

90
99
87
67
69
100
15
32
24
39

83
17
79
33
83
34
29
45
24
15

13
3
32
50
3
45
23
15
49
16

54
16
61
17
70
89
94
37
28
36

11
74
58
58
14
20
10
58
52
69

60
95
76
44
98
68
65
36
99
5

97
19
32
52
31
80
26
52
81
45

91
54
50
76
25
22
1
29
36
92

27
45
99
24
48
13
61
22
97
77

31
66
81
55
49
63
17
27
46
21

53
100
44
80
55
44
20
63
12
55

70
58
44
77
1
43
63
13
1
94

65
77
44
7
97
45
50
32
45
86

19
44
20
95
82
47
45
54
16
39

35
30
79
70
57
41
65
12
100
9

63
34
30
84
33
16
57
56
22
85

96
49
88
61
29
61
94
59
68
30

65
43
38
71
84
56
85
58
59
10

15
23
47
60
60
28
3
13
89
28

50
40
26
33
23
87
20
18
88
20

71
73
55
46
41
29
65
6
44
27

37
3
92
77
8
94
52
83
94
62

37
21
13
66
16
89
8
40
9
83

35
69
32
66
16
74
80
48
25
18

54
28
44
73
19
79
95
69
36
32

61
78
62
32
8
91
84
22
68
74

32
67
91
19
98
61
91
73
72
1

57
62
59
50
79
97
4
11
11
72

2
72
61
74
66
77
90
46
48
7

3
38
37
42
78
18
81
31
90
44

47
87
48
100
79
96
76
63
75
3

# Contrainte 1
1
54
3
8
62
18
98
76
85
41

80
19
78
43
17
59
33
77
21
89

11
2
94
17
15
48
27
40
26
8

10
51
31
57
26
58
94
54
8
19

7
30
2
96
66
68
9
98
48
3

55
40
48
11
60
48
11
65
26
4

36
15
27
83
85
12
34
93
94
95

4
47
31
25
72
92
28
60
77
49

50
73
31
8
93
25
36
95
40
71

21
54
100
90
84
50
93
6
23
63

17
24
6
89
87
93
61
54
55
34

49
19
98
94
24
95
65
43
43
72

53
84
19
45
22
82
93
92
56
44

82
66
45
25
11
35
16
59
10
13

97
39
97
12
2
6
39
31
37
74

84
82
75
37
80
83
25
86
82
82

42
89
62
76
36
99
62
14
57
75

37
79
12
71
2
72
28
2
7
78

33
70
39
73
30
61
68
91
83
23

24
94
94
66
8
95
83
46
7
19

24
12
76
51
61
29
87
95
85
98

52
62
65
82
100
49
86
37
36
33

58
4
98
94
17
87
63
93
86
45

78
4
63
71
39
5
44
89
56
25

49
69
98
14
33
14
72
86
39
16

67
29
98
75
65
20
28
87
91
4

4
13
84
63
23
35
41
65
53
33

30
58
35
16
62
54
80
99
98
24

93
92
69
47
73
16
28
38
9
26

28
31
15
74
80
15
60
88
22
39

36
14
64
30
65
91
87
45
20
21

6
31
15
89
19
3
70
56
71
50

40
26
59
2
81
59
63
15
66
64

54
19
52
31
66
9
17
41
9
5

71
27
1
11
18
61
44
61
32
63

22
58
15
56
11
53
19
44
76
49

32
57
69
46
26
90
53
95
56
38

1
65
42
10
97
5
14
41
12
69

52
44
54
21
56
87
24
44
69
6

39
36
88
19
88
70
58
31
20
49

70
43
54
1
100
41
89
43
51
95

8
60
78
12
82
75
29
37
83
7

50
37
20
60
68
87
35
36
4
43

35
33
22
4
24
49
95
93
78
94

76
7
18
4
78
90
3
44
92
58

83
34
44
92
28
41
9
33
56
56

12
82
90
80
82
36
68
81
61
82

54
91
83
25
57
38
3
7
91
28

81
83
28
89
9
44
54
91
47
40

97
71
77
15
42
19
84
100
25
94

12446
