# Probleme of size 50 

# N50

# P
2

# K
1

# Objectif 1
98
77
53
99
10
87
7
26
87
68

68
95
18
54
39
77
4
55
7
4

87
97
17
3
46
62
34
99
87
38

98
61
70
74
21
85
35
50
100
29

61
90
39
86
13
84
54
61
92
57


# Objectif 2
57
92
61
54
84
13
86
39
90
61

29
100
50
35
85
21
74
70
61
98

38
87
99
34
62
46
3
17
97
87

4
7
55
4
77
39
54
18
95
68

68
87
26
7
87
10
99
53
77
98

# Contrainte 1
82
19
94
21
23
3
15
29
23
32

17
38
96
97
77
81
59
69
71
19

47
58
52
45
83
82
88
8
34
71

3
86
38
74
81
56
47
34
18
80

14
65
71
93
78
11
71
92
81
38

1332
