0.01591389362046043
0.013421527337155625
0.013882175728754942
0.011047918283247804
0.016385700271769277
0.010619123920631968
0.013631103577627368
0.01192488511620203
0.013009306946630939
0.015149445391205468
0.01099888639889815
0.014959819036312272
0.014824426782283462
0.015700360288193882
0.012069128257736511
0.017855618071099977
0.013476395658704232
0.011996096235318054
0.010274378310516558
0.014272539143525997
0.014691624965394001
0.01355903023618149
0.010389902809429974
0.019422041448558885
0.013792308447221263
