2.44148026301249E-4
2.3712539753635128E-4
1.762227558266124E-4
1.908495108185799E-4
2.0006956406138295E-4
2.749162035303907E-4
1.7964557001846904E-4
1.9387964241754534E-4
2.949481699358337E-4
2.533408348046788E-4
2.4267962277775356E-4
2.3167053734668978E-4
3.223112240275326E-4
2.0519059438845082E-4
2.578050847972165E-4
2.554721449156255E-4
1.7570409138763625E-4
2.177625633053049E-4
2.0919892759027416E-4
3.2261883924351295E-4
2.3550919257869768E-4
2.013498594584744E-4
2.009634487068844E-4
2.1083222324634135E-4
1.9949766616711475E-4
