2.0889729328644346E-4
1.8576552030475223E-4
1.8292362710692E-4
1.739874227712276E-4
1.9072376384172168E-4
1.76246326176415E-4
1.822500685888529E-4
1.823555753244622E-4
1.9321583577199558E-4
1.9238737669619962E-4
1.8117308156200796E-4
1.8975693330647528E-4
1.8975860884321024E-4
1.7912603241414246E-4
1.8213532442700402E-4
2.1427974833488283E-4
1.8416239446856938E-4
1.8034924997847908E-4
1.779330166189185E-4
2.062656155353715E-4
1.8236190079035975E-4
1.8354888277337928E-4
1.71333896250349E-4
2.0709889724290358E-4
1.9896558619286075E-4
