0.0039991197363080586
0.00387247325930158
0.0036496661428195164
0.003711617221177241
0.0037766655427084062
0.0039011852595349935
0.003718784245772838
0.003772515416444789
0.004160916687608813
0.003985796399330652
0.0038524926831641783
0.003694390710466455
0.003987603681624609
0.0036750494373563396
0.0037994267879665608
0.004237604417781997
0.0037459472027143023
0.0036896557009960178
0.00363050861074328
0.004036972901671459
0.003697117513229797
0.0038769335632461927
0.0034729535599934223
0.003962454235642776
0.0037684682133790792
