# Problem F5050W01 : N=50/P=2/K=1

# N
50

# P
2

# K
1

# Objectif 1
112
14
156
175
82
221
44
94
292
223
274
61
246
279
104
179
234
289
86
41
78
159
112
223
112
149
158
207
68
197
41
289
29
170
263
164
197
162
149
100
191
100
257
257
102
75
260
23
220
89

# Objectif 2
86
129
32
230
165
260
83
138
236
95
178
105
158
245
244
99
288
149
85
14
39
64
129
185
18
239
287
15
44
241
41
293
73
17
17
81
158
13
228
203
8
107
138
185
140
282
96
43
292
115

# Contrainte 1
280
235
278
37
214
155
216
69
261
202
245
132
82
1
102
253
200
242
289
178
91
200
115
168
65
157
74
225
138
211
88
115
26
44
227
4
69
206
289
254
247
20
121
125
77
62
103
123
199
268

3904
