# Problem F5050W04 : N=50/P=2/K=1

# N
50

# P
2

# K
1

# Objectif 1
24
299
290
1
284
103
216
147
116
123
34
28
39
164
61
162
217
84
106
113
72
94
192
279
282
53
66
155
136
255
236
37
25
297
149
229
238
207
11
284
9
6
77
86
233
104
202
153
208
10

# Objectif 2
108
47
172
99
98
241
194
201
176
274
300
267
152
221
18
89
286
247
276
279
206
229
120
231
276
25
110
247
160
55
270
77
116
51
24
113
73
197
18
225
286
69
116
286
133
268
46
145
60
114

# Contrainte 1
2
153
118
153
30
61
2
27
164
115
202
1
282
11
271
239
200
141
158
169
142
293
216
243
228
181
210
121
298
255
243
276
53
137
229
253
269
166
227
215
55
219
39
243
112
275
10
76
30
197

3498
