# Problem F5050W02 : N=50/P=2/K=1

# N
50

# P
2

# K
1

# Objectif 1
264
209
65
262
227
199
128
35
44
7
76
67
154
33
96
55
228
269
165
9
73
37
114
113
252
95
36
107
228
65
202
51
212
219
34
12
59
220
217
285
265
194
193
252
38
69
198
131
76
183

# Objectif 2
48
257
193
293
293
202
285
16
206
220
94
161
154
163
63
100
187
286
169
240
95
50
108
227
110
233
180
247
90
44
255
220
111
148
201
238
61
22
25
102
227
187
139
120
117
290
123
27
212
55

# Contrainte 1
132
131
194
213
208
55
126
153
248
215
52
267
230
169
194
297
130
243
119
112
169
129
181
1
6
95
215
48
19
178
92
3
298
229
48
203
272
245
265
62
205
182
299
68
125
66
45
98
23
31

3411
