# Problem F5050W06 : N=50/P=2/K=1

# N
50

# P
2

# K
1

# Objectif 1
84
145
78
5
178
249
202
185
288
23
52
183
182
41
220
158
49
2
179
123
159
63
228
131
100
285
89
121
130
229
118
113
124
151
112
61
177
173
253
117
81
14
89
114
191
200
271
244
251
34

# Objectif 2
168
247
84
213
178
117
214
225
126
165
58
19
208
29
17
13
37
69
193
134
7
179
263
8
121
277
278
173
12
74
65
92
78
236
18
273
158
295
160
225
185
2
259
43
171
167
232
281
26
169

# Contrainte 1
62
300
270
172
235
62
85
152
62
117
2
17
154
9
128
119
134
105
100
134
49
268
47
64
209
221
38
59
252
163
34
160
274
117
78
119
207
20
11
86
28
82
141
8
74
172
258
69
12
214

3524
