# Problem F5050W08 : N=50/P=2/K=1

# N
50

# P
2

# K
1

# Objectif 1
254
168
66
260
11
110
232
262
216
255
164
225
241
50
19
32
199
138
60
106
196
255
250
229
178
289
54
81
190
171
247
268
1
146
191
156
75
258
112
127
254
164
75
120
47
104
277
37
130
93

# Objectif 2
228
93
118
93
264
118
148
279
168
187
208
37
262
27
32
237
65
25
197
205
126
237
170
103
155
48
163
18
180
30
273
200
50
52
179
50
244
95
160
223
282
64
194
44
278
37
214
155
216
69

# Contrainte 1
122
89
188
11
206
185
278
13
246
109
190
261
180
147
146
241
64
115
148
95
190
41
202
275
167
39
68
63
98
60
274
208
242
28
222
132
159
128
101
186
253
252
83
46
185
266
23
24
147
148

3922
