# Problem F5050W07 : N=50/P=2/K=1

# N
50

# P
2

# K
1

# Objectif 1
46
217
130
117
100
119
288
173
10
273
296
250
8
74
172
258
69
12
214
272
274
16
26
161
16
75
150
165
134
65
152
254
165
240
202
216
210
297
224
171
292
171
90
273
224
138
224
127
96
185

# Objectif 2
76
198
20
299
220
115
138
224
127
96
185
194
7
35
123
220
41
238
49
32
103
86
61
144
110
181
250
93
76
298
48
71
94
108
231
44
147
172
255
174
73
4
162
281
290
233
120
182
44
46

# Contrainte 1
214
195
68
265
162
233
64
239
264
149
189
33
5
270
127
236
193
238
269
218
189
158
243
19
168
67
188
49
201
113
273
169
246
107
48
49
102
109
276
127
160
295
94
148
83
240
105
18
297
260

4066
