# Problem F5050W03 : N=50/P=2/K=1

# N
50

# P
2

# K
1

# Objectif 1
172
103
128
249
101
150
59
151
111
76
269
29
146
281
36
194
197
282
235
147
236
217
110
221
32
158
248
139
228
21
6
9
264
282
280
230
185
174
241
274
231
64
103
300
195
54
29
228
118
125

# Objectif 2
256
262
249
80
134
136
279
20
35
258
280
139
294
1
156
159
102
277
200
159
106
21
290
43
159
231
135
191
255
295
175
287
287
128
143
180
7
54
228
119
44
5
150
75
131
55
220
147
98
112

# Contrainte 1
94
149
122
271
296
113
226
147
203
176
31
170
132
174
84
159
14
296
166
233
32
90
69
262
241
276
23
120
61
242
63
280
61
254
299
135
28
279
2
24
150
153
144
143
190
212
234
276
231
94

4059
