# Problem F5050W05 : N=50/P=2/K=1

# N
50

# P
2

# K
1

# Objectif 1
232
250
280
158
73
90
51
71
15
180
163
268
207
34
80
238
97
258
97
186
285
102
95
199
179
15
128
289
222
83
227
52
241
22
103
291
264
15
168
209
81
242
171
43
63
220
185
25
77
206

# Objectif 2
16
51
168
37
130
93
196
239
270
285
34
111
284
165
82
19
72
83
262
221
164
35
268
151
202
240
135
256
71
124
165
181
266
253
138
1
268
234
265
160
22
25
282
291
279
76
263
136
185
26

# Contrainte 1
154
295
267
91
176
189
149
202
103
111
263
171
40
153
193
270
229
106
177
80
67
122
73
262
191
227
79
76
119
212
71
204
201
90
93
64
251
10
180
291
286
276
27
132
223
220
155
44
187
134

3765
