# Problem F5050W09 : N=50/P=2/K=1

# N
50

# P
2

# K
1

# Objectif 1
106
63
164
53
238
281
154
43
64
1
130
211
212
231
24
233
14
119
179
104
269
34
239
144
9
18
13
240
250
45
48
211
28
253
178
227
63
207
168
279
290
277
2
275
23
115
11
167
220
45

# Objectif 2
136
287
238
196
67
130
76
210
256
154
244
255
64
35
16
37
210
207
164
235
144
41
278
201
228
115
110
92
166
217
52
146
225
84
171
4
217
121
186
61
204
202
88
50
153
288
67
248
225
77

# Contrainte 1
274
285
104
298
137
244
14
21
172
247
298
240
119
276
127
280
231
2
153
118
153
30
61
2
27
164
115
202
1
282
11
271
239
200
141
158
169
142
293
216
243
228
181
210
121
298
255
243
276
53

3486
