# Problem F5050W10 : N=50/P=2/K=1

# N
50

# P
2

# K
1

# Objectif 1
14
257
284
99
282
233
124
115
250
188
107
244
45
146
195
147
215
223
68
55
42
52
3
166
241
278
165
278
205
240
34
204
170
160
90
125
94
81
22
49
84
2
73
28
66
161
64
230
237
72

# Objectif 2
98
116
106
48
98
229
204
279
214
232
122
120
67
254
61
222
297
276
286
145
258
267
100
203
266
113
84
30
289
70
61
134
15
235
271
279
163
220
95
278
133
230
119
180
269
294
277
72
162
176

# Contrainte 1
182
236
283
104
249
121
142
165
272
130
176
238
81
278
153
42
107
32
123
36
253
270
31
199
151
99
87
55
163
96
109
149
70
253
244
138
32
190
97
144
291
48
293
165
42
141
80
102
176
91

3504
