# Problem K5050W02 : N=50/P=2/K=1

# N
50

# P
2

# K
1

# Objectif 1
764
309
165
862
27
999
228
135
44
807
276
567
754
233
496
155
328
369
465
409
473
737
314
513
752
395
736
507
328
465
602
151
812
719
434
712
259
720
417
985
65
194
593
952
538
169
298
631
276
383

# Objectif 2
248
457
993
393
793
402
185
16
706
720
594
961
754
63
163
800
587
286
869
540
95
650
608
27
910
733
580
47
290
544
755
920
811
848
1
938
561
522
225
202
927
387
239
220
317
390
923
727
212
255

# Contrainte 1
32
531
494
413
108
855
426
553
848
315
552
67
830
469
94
797
830
243
719
812
669
229
781
101
606
995
215
948
719
578
992
603
198
429
148
103
172
45
565
62
205
582
699
368
625
866
945
98
623
931

11761
