# Problem K5050W08 : N=50/P=2/K=1

# N
50

# P
2

# K
1

# Objectif 1
254
68
766
260
911
410
432
762
416
155
264
25
841
650
519
532
599
538
160
106
96
955
150
29
878
989
654
381
590
171
247
668
301
646
891
56
675
758
812
927
154
464
675
920
747
504
377
937
530
593

# Objectif 2
628
293
318
293
164
918
948
679
468
287
708
437
662
627
432
737
265
225
297
905
26
937
570
703
955
248
363
918
980
230
973
900
350
52
279
250
344
395
560
323
782
964
494
244
678
837
14
755
216
769

# Contrainte 1
522
289
288
611
406
885
478
613
646
109
790
461
780
447
746
841
664
915
248
595
790
541
702
675
967
339
768
963
598
660
974
708
342
428
222
532
559
428
101
486
853
652
783
746
785
866
623
924
647
948

12721
