# Problem K5050W07 : N=50/P=2/K=1

# N
50

# P
2

# K
1

# Objectif 1
146
217
930
17
400
419
888
73
610
673
896
450
608
874
72
458
969
912
314
672
74
416
226
361
16
875
150
965
534
365
652
654
765
140
502
716
910
797
924
671
292
271
690
873
24
938
424
627
496
985

# Objectif 2
276
398
420
999
20
415
938
424
627
496
985
994
207
635
823
20
341
838
949
532
503
386
361
144
210
481
250
193
376
98
648
971
894
708
631
244
847
172
55
674
73
304
362
81
890
33
320
282
944
946

# Contrainte 1
414
195
568
665
762
433
664
739
64
49
289
433
905
170
327
836
893
38
69
718
789
558
443
119
268
967
188
749
501
813
573
469
446
907
848
849
2
609
576
427
360
195
294
148
983
140
405
918
797
660

13465
