# Problem K5050W09 : N=50/P=2/K=1

# N
50

# P
2

# K
1

# Objectif 1
606
963
664
553
138
681
354
543
764
101
430
811
912
331
424
433
914
119
979
504
369
634
839
844
309
118
13
740
150
845
148
111
828
653
678
427
263
507
568
979
390
77
102
75
223
315
511
67
120
945

# Objectif 2
736
387
38
996
167
330
376
10
56
754
144
355
664
835
216
737
410
407
964
535
244
741
278
301
428
415
210
392
866
817
152
546
625
584
771
904
17
721
786
761
304
402
288
650
953
288
667
448
625
577

# Contrainte 1
874
185
104
298
937
344
314
721
472
147
798
740
319
276
327
580
31
602
553
18
553
930
961
602
127
564
15
602
401
82
711
371
439
500
741
158
269
142
493
316
543
628
381
910
621
998
955
143
276
253

12036
