# Problem K5050W01 : N=50/P=2/K=1

# N
50

# P
2

# K
1

# Objectif 1
412
414
156
375
82
921
544
594
792
323
774
661
46
379
904
979
334
389
86
541
878
859
512
923
512
849
58
407
868
397
341
589
229
70
563
264
297
162
49
200
291
400
257
857
602
175
60
423
620
989

# Objectif 2
786
529
432
730
865
760
683
238
236
495
178
905
58
745
744
99
688
849
985
114
239
164
629
485
118
939
287
515
744
641
441
193
673
217
817
481
458
913
128
403
8
307
38
285
740
182
396
543
692
615

# Contrainte 1
680
635
678
837
14
755
216
769
961
802
545
432
882
801
602
353
600
442
289
578
991
700
215
68
765
357
574
325
838
811
88
515
726
244
927
204
669
606
189
54
947
920
521
225
177
762
303
523
199
268

11703
