# Problem K5050W04 : N=50/P=2/K=1

# N
50

# P
2

# K
1

# Objectif 1
224
299
590
301
484
103
116
247
516
623
634
928
339
864
761
562
217
584
706
913
272
794
192
779
182
653
566
955
336
955
136
537
25
897
449
729
138
607
11
184
209
506
377
986
833
104
202
153
408
610

# Objectif 2
708
447
772
799
698
441
394
801
376
74
400
267
952
121
18
489
586
447
876
79
906
929
920
931
976
425
410
447
60
455
170
577
216
51
24
913
273
697
418
25
186
169
216
986
33
168
346
345
160
114

# Contrainte 1
602
553
18
553
930
961
602
127
564
15
602
401
82
711
371
439
500
741
158
269
142
493
316
543
628
381
910
621
998
955
143
276
253
237
429
53
869
766
227
215
955
119
139
743
12
975
610
776
530
697

11898
