# Problem K5050W03 : N=50/P=2/K=1

# N
50

# P
2

# K
1

# Objectif 1
872
403
128
449
601
450
359
251
311
76
269
29
846
181
236
294
197
382
435
647
36
117
310
821
932
958
148
39
828
421
806
109
564
182
580
30
685
174
941
174
931
64
3
600
395
454
429
28
718
725

# Objectif 2
356
662
149
780
134
36
479
420
735
258
680
539
894
901
956
159
2
777
200
259
606
221
590
43
559
531
735
491
455
195
375
987
687
28
743
780
7
154
528
19
544
505
650
575
331
455
420
847
98
712

# Contrainte 1
494
349
22
171
296
713
226
47
403
176
931
870
532
574
484
159
914
296
66
33
232
690
969
162
841
576
323
920
761
642
263
580
861
254
899
335
228
79
2
824
50
353
544
643
190
812
734
476
631
994

10309
