# Problem K5050W06 : N=50/P=2/K=1

# N
50

# P
2

# K
1

# Objectif 1
684
45
678
805
478
549
302
485
788
623
652
583
682
641
320
258
49
402
79
123
759
563
328
531
400
985
889
121
130
329
618
113
224
451
512
761
577
273
753
217
881
714
889
114
391
100
471
44
751
234

# Objectif 2
168
547
584
513
978
417
914
225
226
65
58
519
708
429
117
213
37
69
693
734
507
279
163
8
321
177
978
473
712
274
665
392
778
336
18
673
58
495
460
725
285
902
859
143
171
167
732
581
926
269

# Contrainte 1
62
300
670
372
535
162
985
952
562
417
2
817
554
9
128
619
934
805
100
334
149
668
647
164
709
421
838
659
152
563
134
60
374
317
478
419
807
220
511
986
928
82
841
608
874
72
458
969
912
314

11674
