# Problem K5050W05 : N=50/P=2/K=1

# N
50

# P
2

# K
1

# Objectif 1
332
150
780
158
173
990
451
471
115
480
363
168
507
134
980
438
597
758
797
886
285
702
795
999
979
415
228
789
622
883
527
852
541
822
803
391
164
815
668
509
381
942
171
343
563
320
985
825
777
506

# Objectif 2
816
651
768
937
530
593
896
739
70
885
534
411
584
465
482
119
172
183
362
321
64
235
568
851
702
940
535
356
471
924
365
981
566
53
38
101
268
134
165
460
822
325
982
91
79
76
263
436
485
126

# Contrainte 1
954
95
867
791
476
589
349
102
203
911
563
271
940
253
293
470
229
6
477
580
167
322
73
562
191
627
479
476
519
412
471
4
301
590
93
764
351
810
80
91
86
476
727
132
223
420
855
644
287
634

14165
