# Problem K5050W10 : N=50/P=2/K=1

# N
50

# P
2

# K
1

# Objectif 1
714
57
384
499
782
133
924
615
250
288
707
544
545
746
495
147
15
923
768
955
942
52
103
66
41
778
265
178
705
640
634
104
170
360
290
625
594
881
722
449
584
602
473
728
866
761
464
530
737
272

# Objectif 2
198
316
406
748
598
829
404
79
914
232
722
520
667
454
461
822
997
876
86
645
158
67
1000
803
366
13
884
430
189
870
461
734
515
935
771
879
963
720
595
878
133
30
619
280
969
194
377
672
962
576

# Contrainte 1
982
36
183
204
549
221
742
965
372
430
76
238
381
678
653
542
707
632
123
936
553
170
231
699
151
699
87
355
463
596
509
149
70
853
644
238
332
390
197
244
991
548
293
365
142
341
380
702
876
191

12553
