5.193893096619065E-4
6.564041184072555E-4
8.615413145577032E-4
7.531224118652972E-4
5.627112844705849E-4
7.039969049608685E-4
8.241247370279667E-4
9.230492717556048E-4
5.504816259658818E-4
8.912987199777211E-4
0.0018049069956992663
0.0013030255786824485
4.123584041638151E-4
8.823787574104552E-4
5.378859809191587E-4
0.0017955595928234279
5.233674959811974E-4
6.790128149466168E-4
8.736413173965236E-4
0.0012394850100256871
5.919904571136114E-4
6.961410716219358E-4
6.131371631379889E-4
8.692294684263507E-4
5.001353126774521E-4
