0.036688944839756536
0.0373691794343224
0.037762790557783144
0.036481903947120975
0.037508414860230814
0.03752465677044123
0.037657508739814
0.038850963168931926
0.03681142451717517
0.03852997817522824
0.03888241830129806
0.036558258209521355
0.037816961197676885
0.03762397849470953
0.03682356147804544
0.03761516647615963
0.03731349395775778
0.037532935854608686
0.03721831075562379
0.03764174572015717
0.03571527840965812
0.03800146257746096
0.03823406762542878
0.0383831745817883
0.03824700448039449
