0.0065181617598947675
0.006500622676115578
0.006506302216378749
0.006506879452549449
0.006500640104695017
0.006508735914964982
0.006504578330433013
0.006510303461678011
0.006536753926860689
0.006504828193209991
0.0064987855936262575
0.0065221824553894575
0.006566596071092178
0.006521017280039821
0.006520646511170879
0.006504395894836855
0.0065014774700487945
0.006538462313731155
0.0065338206692396265
0.006505468269638479
0.006494876188714747
0.006508134792037191
0.00651185653122493
0.006513275066722055
0.006504045480466839
