1.5390415807296306E-6
1.6855280207424498E-6
2.780149545838313E-6
1.4032417680113541E-6
1.2443373390851873E-6
1.6201822672335455E-6
2.284693983087092E-6
3.804858741698553E-6
1.0379512907489503E-6
2.2014137678067627E-6
9.721866987244055E-6
5.228917410955577E-6
9.663138899050454E-7
2.4968307652426136E-6
1.3939661919026237E-6
6.247430643367057E-6
1.2287708007455024E-6
1.5131427526111777E-6
2.4684043294118214E-6
4.833002935926554E-6
1.5002335111354977E-6
1.3637767828392479E-6
1.2496401453766661E-6
2.0439980973380856E-6
1.1417183382658206E-6
