0.0064107628857541996
0.006356464348377887
0.006581904283141494
0.006681574989515587
0.006684853778626647
0.006464524883839494
0.006682960002968193
0.006523407128289643
0.006819864919915718
0.0063279963968125704
0.006538097319015048
0.006442299781400026
0.006658713771940872
0.006525723470857773
0.006711244055272292
0.0064822519719900384
0.006797292111236735
0.006647407969765682
0.006827677588614963
0.006720902461533803
0.006426915450340268
0.006492373688272049
0.006320386538377631
0.006512510938242506
0.006731687455831586
