0.003312862003294347
0.0033220081521076923
0.003338355576820795
0.0033532273221779357
0.003357898764119816
0.0033325298446979326
0.0033444975905814363
0.0033295344780341282
0.003371646569335029
0.0033279197717752214
0.0033382705678697325
0.00331469791384487
0.003343973111812566
0.003328652882826543
0.0033501920259655384
0.003323870829650093
0.0033596526968588426
0.0033384564706472417
0.003358391209219143
0.003342185411279005
0.0033328088980150218
0.003318476447870089
0.00331968232217531
0.003349191953329133
0.0033603622865463613
