0.020776120339699417
0.01828857675009582
0.01722855802005785
0.015865044084156607
0.01715815925157277
0.01764986646710509
0.015976906540420027
0.015871637950352957
0.014111951167986636
0.017571656766685095
0.01702423029613409
0.05141563045993044
0.015859197127258473
0.01858270853049171
0.015137296164210334
0.023397608805955816
0.013401512780812058
0.022452565065446982
0.013763941254502421
0.022837640745174456
0.012519712048966625
0.07398364176231492
0.017124710353335737
0.02732638177505667
0.01792911738443259
