7.175469198444041E-4
6.657030206484146E-4
4.8280579293561213E-4
1.734973304820552E-4
8.566321597529742E-4
7.099905411068573E-4
3.031100676081901E-4
6.150532332445486E-4
3.1259187341503943E-4
8.253890604992633E-4
6.620340608929843E-4
7.606356635979147E-4
3.547844487914764E-4
8.750303997564196E-4
5.187107475611306E-4
3.639635330759479E-4
2.58448276509946E-4
6.79735014043874E-4
3.7359736939941604E-4
3.4967506909598466E-4
3.3137924615461647E-4
5.604071876817726E-4
6.483449390561836E-4
2.0225191097326497E-4
6.57596970752037E-4
