3.024504579460114E-4
2.902076172084479E-4
2.587361412326474E-4
2.1693510958221393E-4
3.3120665642390895E-4
3.0486833363725175E-4
2.3904520572054112E-4
2.7321829682694306E-4
2.2962795934616925E-4
3.1719033601552857E-4
2.827520108928027E-4
6.259837941503309E-4
2.264127122146814E-4
3.374151314420718E-4
2.418719671875375E-4
3.105659082179431E-4
2.157838111661368E-4
3.3011790061586763E-4
2.2738751777569592E-4
2.681436642683182E-4
2.1444714219001282E-4
0.0010407065174164304
2.753433164054619E-4
3.0725489865414656E-4
2.83024964173593E-4
