0.008888278863636391
0.008482213221694077
0.007081955022069695
0.004584469710121934
0.010021241432414306
0.009116537223410158
0.0057444046006094335
0.008002211951926427
0.005765105814117654
0.009580923035435356
0.008395991405199478
0.01044726343982301
0.005897869078724938
0.010231745318117614
0.0068880855173357024
0.0066620951053315445
0.0052037179844271995
0.009043754368288809
0.0060033830059119265
0.006279567815736148
0.005334730155031521
0.011815358162746085
0.00803778785288725
0.0050883476194638014
0.008226299095220508
